1338548601752961024 3
1338548598473170945 4
1338548592043307013 19
1338548590046752768 8
1338548588486545414 16
1338548582102818817 7
1338548579619790855 4
1338548575924531202 6
1338548571449257990 6
1338548568437575680 8
1338548564297965585 21
1338548561907240961 3
1338548559323475969 21
1338548557440114691 12
1338548556655980557 18
1338548552620978182 5
1338548551337521152 17
1338548538586898433 4
1338548534405165061 6
1338548525483888642 13
1338548524821016576 14
1338548524733042695 19
1338548523688742914 20
1338548523663495168 8
1338548522656935936 18
1338548519251156992 14
1338548518827433984 5
1338548517774745601 11
1338548511642513409 10
1338548511235842049 12
1338548508006215683 18
1338548507662311427 16
1338548506815041539 11
1338548496610197504 8
1338548491488997385 14
1338548488209096707 20
1338548484228718597 19
1338548484107096071 11
1338548477563965443 30
1338548473759637504 19
1338548468298768386 7
1338548461868904448 9
1338548449688637442 20
1338548447050223618 19
1338548435180527630 5
1338548428482224132 10
1338548422132068356 10
1338548416117428228 9
1338548415274373121 6
1338548413214806016 7
1338548408898957312 20
1338548404801204225 4
1338548393875017732 9
1338548388502114304 7
1338548388497924096 5
1338548384303550466 13
1338548379077517313 14
1338548370282061830 7
1338548368692404229 10
1338548365831905296 24
1338548359544655872 10
1338548355270643714 10
1338548353366417408 20
1338548343690170374 13
1338548343572664321 22
1338548336694095875 7
1338548333095378944 19
1338548328192159745 18
1338548326485151747 11
1338548315311415297 8
1338548306490912770 20
1338548303374544896 17
1338548300253900801 9
1338548299968761859 10
1338548297183731721 23
1338548291210944513 4
1338548290258939905 7
1338548287104835585 6
1338548284756029447 2
1338548276849745920 10
1338548273922060292 3
1338548272357666819 5
1338548267383185410 7
1338548257425940487 14
1338548252585635843 8
1338548251792969728 24
1338548251302252545 7
1338548248345251850 12
1338548244360491013 9
1338548238547349504 9
1338548236500529152 7
1338548234223050754 24
1338548226488737798 6
1338548223359717381 13
1338548198244225026 7
1338548191533408256 8
1338548175943184386 10
1338548175855038464 21
1338548168695422977 6
1338548158071074817 8
1338548155491753984 7
1338548151112896512 16
1338548141759602688 4
1338548139071049729 5
1338548133907886080 6
1338548131827429376 4
1338548130036518916 8
1338548128434302999 11
1338548125854814210 11
1338548118426685440 8
1338548117143220224 8
1338548116107177987 9
1338548115377426451 21
1338548113699729410 7
1338548111657103362 7
1338548110885335046 21
1338548101888548865 22
1338548096746328064 8
1338548094158430210 4
1338548093181194241 19
1338548091356635138 11
1338548088521306117 8
1338548083404267533 25
1338548080543723524 29
1338548078853431297 4
1338548074059272194 13
1338548073245548550 6
1338548073119838209 25
1338548072444547073 13
1338548070338998273 4
1338548067209981956 7
1338548066031460356 13
1338548064508915717 10
1338548061954596869 10
1338548060448763906 18
1338548056690724864 8
1338548056254509061 14
1338548056179036163 7
1338548056124514304 12
1338548056082493441 19
1338548056073990146 9
1338548056028033026 17
1338548048876761088 6
1338548034955845636 9
1338548031646543872 8
1338548027758350340 2
1338548019390795778 9
1338548019126562817 20
1338548017343901697 16
1338548017213943815 21
1338548016798703626 12
1338548016177950720 5
1338548013137072132 19
1338548011849363458 7
1338548005864009728 11
1338548004232589313 6
1338547997651726341 18
1338547996611534848 5
1338547996334624768 7
1338547994849910794 11
1338547994086559745 21
1338547990173261825 8
1338547987820244999 23
1338547983357505541 20
1338547983139434498 8
1338547972481617925 8
1338547970296356864 25
1338547960536322050 19
1338547955779899393 26
1338547955167588358 25
1338547944363003909 26
1338547939346673664 5
1338547931838881792 20
1338547923009867780 9
1338547922502373381 6
1338547917926379522 16
1338547917423046662 9
1338547903514677249 10
1338547902298329091 6
1338547886666072064 16
1338547886662049800 14
1338547883658924035 10
1338547882161557511 6
1338547882115428352 10
1338547877375840256 7
1338547875530280963 9
1338547872556605448 25
1338547870543339520 6
1338547866911072262 4
1338547866198007810 13
1338547864918745088 21
1338547858333704195 15
1338547855859003393 5
1338547851836743680 16
1338547849173364736 3
1338547843989180419 19
1338547840889614337 12
1338547840830885893 12
1338547839786422275 7
1338547837429297156 6
1338547812158607361 8
1338547811814662145 4
1338547808924819457 12
1338547808358576136 7
1338547804516585473 14
1338547800360030210 8
1338547800120971264 8
1338547799332425732 10
1338547798409687040 5
1338547791912693763 7
1338547790784376833 13
1338547788540416009 8
1338547782492315654 11
1338547772258209795 7
1338547769909407746 9
1338547759318753283 23
1338547757284388865 17
1338547753270566913 6
1338547752062611457 10
1338547746802962433 5
1338547746303782919 14
1338547742705115136 9
1338547733867733004 13
1338547730294198279 6
1338547716155183113 11
1338547708932616198 5
1338547708769034248 6
1338547706533384195 29
1338547704478183426 18
1338547697553305600 7
1338547694403510273 11
1338547690947424258 5
1338547684144242690 6
1338547678687457281 6
1338547675608846339 18
1338547651562889218 8
1338547643102982144 17
1338547637277122561 4
1338547632809992193 21
1338547630612361218 10
1338547630578819074 5
1338547629547020290 9
1338547619136557063 8
1338547618822107141 7
1338547608822968321 14
1338547606033752064 21
1338547605824004098 3
1338547601692626946 19
1338547599826096132 22
1338547597695389698 8
1338547592872026120 12
1338547574836490246 20
1338547573032796160 13
1338547572567404549 9
1338547570705125377 20
1338547567966228482 8
1338547566426918921 18
1338547564849885190 6
1338547560085118977 8
1338547554888413184 22
1338547553307123715 19
1338547533136744450 21
1338547525058506753 20
1338547516971880449 7
1338547515025727488 19
1338547512681132053 9
1338547512630784007 16
1338547509761699840 7
1338547501440200706 7
1338547501125820420 7
1338547495408967684 20
1338547495140548616 11
1338547495136186368 3
1338547492955320320 24
1338547492284141568 19
1338547484470046721 24
1338547481437634560 6
1338547480036827136 20
1338547478795350016 21
1338547478254202881 15
1338547473732804610 8
1338547469773381634 11
1338547469538496513 9
1338547462957576195 6
1338547455911219203 20
1338547448894124034 19
1338547445815341056 8
1338547444896894980 15
1338547437821104128 18
1338547436990701571 17
1338547436458008576 8
1338547435023572995 7
1338547424357453824 2
1338547421530513416 5
1338547416249806851 5
1338547413615775747 5
1338547404031799300 24
1338547403243335681 16
1338547403163627523 20
1338547392321376259 15
1338547391545282560 19
1338547389431504899 15
1338547378857541632 7
1338547378408845312 9
1338547376282365955 17
1338547372771696643 23
1338547370267717633 9
1338547370179645445 7
1338547366400548866 8
1338547366081794048 23
1338547356644601856 5
1338547352651649035 10
1338547347685580805 12
1338547346402136066 6
1338547342866264072 2
1338547342765555712 21
1338547323790495744 19
1338547319369650176 7
1338547315653558272 9
1338547313824952320 4
1338547310796607491 15
1338547302093484035 20
1338547288327720965 10
1338547287786721281 9
1338547285731516418 20
1338547278152429568 13
1338547274864062470 10
1338547272682967049 7
1338547266903289859 9
1338547264810311681 6
1338547251895996418 9
1338547250897678336 14
1338547237048213505 2
1338547227892064262 8
1338547225467772928 15
1338547220350726150 10
1338547220015165443 8
1338547217729249285 3
1338547215997038596 7
1338547215208304640 5
1338547210691153921 20
1338547206333341696 13
1338547206043955202 9
1338547205016231936 5
1338547204789821442 12
1338547195990204421 19
1338547189220597761 14
1338547181624680451 15
1338547178650955779 23
1338547178634002433 4
1338547167976415232 18
1338547167502405636 12
1338547164830633985 8
1338547160422473729 9
1338547149961912323 12
1338547140302430211 25
1338547140084322305 10
1338547138343604225 10
1338547136464629767 5
1338547132601688066 20
1338547126889050116 1
1338547121419657217 15
1338547120157167623 11
1338547115044335625 6
1338547110598356995 7
1338547102503358472 27
1338547101517697028 20
1338547095981203462 20
1338547095389790210 7
1338547090335674369 9
1338547085696765954 15
1338547083909996545 5
1338547082152583169 18
1338547080206364674 19
1338547062678433798 8
1338547060375769097 7
1338547056554676225 7
1338547051672588293 9
1338547049579614210 7
1338547049340473346 17
1338547048845508608 9
1338547041442607105 9
1338547041191022598 10
1338547037156028417 32
1338547034467545088 6
1338547028549398528 15
1338547025093255177 16
1338547023860142083 11
1338547018248167425 11
1338547011835088899 12
1338547011189002241 9
1338547008060133378 19
1338547002435661826 13
1338547002112667667 18
1338546999487029253 5
1338546998786592769 15
1338546998094430208 8
1338546997280841731 21
1338546995066064898 8
1338546988351189007 11
1338546987818356737 7
1338546974606254080 19
1338546964825313281 21
1338546961742499842 19
1338546960282734592 12
1338546955866271750 11
1338546953228087299 12
1338546950338187269 9
1338546937411358727 7
1338546937033674752 6
1338546933875449856 12
1338546933145604096 5
1338546929165361164 19
1338546923133956098 6
1338546922383155206 19
1338546920277618691 6
1338546907770183681 6
1338546900673376264 23
1338546899855536137 20
1338546892712652806 27
1338546892125384708 5
1338546891433369605 22
1338546891378847749 3
1338546882734403584 18
1338546867798487040 4
1338546867760734209 14
1338546857673363456 5
1338546852615114757 21
1338546850585047042 26
1338546849549086724 19
1338546847783280646 22
1338546847682584578 20
1338546844104843265 22
1338546843203022851 28
1338546835384885251 9
1338546834550255616 11
1338546833396805642 17
1338546831479934976 6
1338546826664964098 7
1338546824370655233 5
1338546814035914752 13
1338546811926171649 11
1338546811292819456 19
1338546810609143809 9
1338546803462070275 12
1338546802409287681 23
1338546798357598215 6
1338546798131109888 18
1338546797967339522 11
1338546797732499457 9
1338546797715853318 9
1338546797669720066 8
1338546791902547976 12
1338546788916224002 11
1338546783211970565 3
1338546781865594896 20
1338546780590518272 12
1338546777687994375 7
1338546767634305024 4
1338546758146793478 19
1338546752585134086 11
1338546749468782594 22
1338546749372239873 15
1338546748952866819 3
1338546748139196417 5
1338546734809690119 5
1338546733584879617 7
1338546730883829760 10
1338546726592974853 10
1338546723673739270 3
1338546721354342408 6
1338546720955916291 5
1338546719290691588 5
1338546714823847936 22
1338546705659277314 5
1338546703490813955 19
1338546696758964226 8
1338546695907512322 19
1338546695433580545 8
1338546695232233478 4
1338546694796013568 21
1338546694095507458 8
1338546692711456769 20
1338546684717096963 7
1338546684192669701 8
1338546682426867713 5
1338546679625211904 8
1338546676697608195 17
1338546676592762892 7
1338546674935980038 21
1338546664131465216 7
1338546663716253696 21
1338546654262259712 6
1338546654232911872 19
1338546651741483012 28
1338546639296933888 7
1338546638583947267 19
1338546633693388805 10
1338546630451064832 16
1338546629507510277 9
1338546626391142402 13
1338546623740321792 16
1338546623669035013 10
1338546620019822594 7
1338546617264316419 7
1338546611081916416 13
1338546608162664448 8
1338546605469929472 21
1338546602118668294 21
1338546598809317384 9
1338546594107580417 3
1338546591288987653 12
1338546588528955392 5
1338546582912897026 26
1338546576604737539 14
1338546573635153920 6
1338546572179763200 6
1338546570355204100 9
1338546568467795969 5
1338546566253211651 3
1338546561127755783 13
1338546553045348352 5
1338546551153713154 19
1338546549907992577 6
1338546540881862663 6
1338546539279634435 12
1338546538562326528 19
1338546538398818308 10
1338546537119420417 6
1338546535110422532 7
1338546525237096452 8
1338546521097302016 17
1338546512075378688 7
1338546508279521281 21
1338546501014888448 8
1338546499433664517 13
1338546498934595586 18
1338546497407729665 2
1338546497286250498 23
1338546496321564674 19
1338546495570636801 9
1338546490369658880 3
1338546480127283204 15
1338546477925343232 19
1338546469624819714 19
1338546466357473283 19
1338546459923374086 5
1338546453871030279 27
1338546451874525191 9
1338546448745574403 6
1338546435164434432 20
1338546433364996097 6
1338546418307526660 8
1338546411751747588 6
1338546411659550721 17
1338546411126870019 8
1338546410644516864 22
1338546398887882752 13
1338546398673956866 7
1338546383645671425 18
1338546383532470277 6
1338546378243444736 10
1338546373508141060 6
1338546370714755083 21
1338546359926972420 12
1338546359725645827 12
1338546358299602946 15
1338546354210168834 11
1338546352859590660 12
1338546352482095111 5
1338546344152141824 19
1338546336212377601 10
1338546336120102917 4
1338546332479287297 6
1338546327110692864 6
1338546315576418309 10
1338546315500920835 10
1338546309398065155 5
1338546307024252931 9
1338546306931957760 6
1338546306902421505 9
1338546300107821062 25
1338546296316162048 7
1338546295435390977 10
1338546294927880194 20
1338546291266252803 23
1338546290326638594 11
1338546289890430977 16
1338546288502185985 21
1338546286707019778 22
1338546286597902340 4
1338546285742354433 18
1338546283968073730 21
1338546281980055556 8
1338546280390385665 11
1338546278200987651 7
1338546274119917569 21
1338546257690845191 10
1338546253869834243 9
1338546251319619587 5
1338546247402131457 8
1338546241505005569 3
1338546240196317188 22
1338546239349149703 6
1338546236211781633 6
1338546232554385408 11
1338546232260759561 25
1338546228062253056 6
1338546226933981186 24
1338546224631308289 8
1338546218662846466 20
1338546217215778816 20
1338546213713555461 13
1338546212237168640 10
1338546212073566216 9
1338546210395787289 11
1338546209917710336 27
1338546203626250241 12
1338546203399688194 10
1338546203030663172 6
1338546200967065600 9
1338546192012234759 20
1338546182675566592 16
1338546182054883336 20
1338546180905607168 9
1338546180373045249 23
1338546178787483648 7
1338546178359779335 5
1338546170294120456 3
1338546169421639684 2
1338546166129172486 4
1338546152950665220 4
1338546151486840834 7
1338546149217742851 9
1338546147061866499 7
1338546137519640576 8
1338546133765943308 7
1338546132146909184 8
1338546130381012992 14
1338546130368540672 6
1338546124358029318 20
1338546113415053312 7
1338546110919479297 6
1338546110177058816 14
1338546109149564928 17
1338546108960796674 12
1338546104627949569 21
1338546097820733442 19
1338546095127994370 6
1338546094402375682 3
1338546093668315146 5
1338546091600523266 9
1338546089448919044 13
1338546076500934656 16
1338546070620676096 13
1338546065709084675 4
1338546064782221313 8
1338546058830352385 12
1338546056334897152 11
1338546055634276352 22
1338546055349080064 13
1338546046004301827 9
1338546044355928065 19
1338546042271387649 9
1338546041206026240 9
1338546037770907650 3
1338546035157835776 22
1338546034746781697 11
1338546033350090755 7
1338546032670633985 16
1338546030430859264 9
1338546029742989330 21
1338546029046722560 5
1338546027629056007 6
1338546023887728653 6
1338546023711518724 8
1338546021203369990 19
1338546017835204609 5
1338546015742332929 12
1338546015322976257 11
1338546006837878795 22
1338546005948633096 8
1338545993156091906 10
1338545990111023108 6
1338545989976813575 14
1338545985212080138 6
1338545971366531072 13
1338545970246725633 22
1338545967549870080 5
1338545954086150153 4
1338545944028205059 20
1338545936570707968 15
1338545933726998532 4
1338545927796240392 14
1338545920070184960 22
1338545914877784064 20
1338545910322704387 3
1338545906040393730 19
1338545891456790529 12
1338545886402650119 20
1338545884003364864 7
1338545881247866885 5
1338545880752922631 19
1338545877548412935 6
1338545867234664454 14
1338545866123173889 13
1338545865754095617 3
1338545862994223109 6
1338545862801321987 19
1338545855272509440 3
1338545852844044290 8
1338545852722405383 9
1338545842379231244 11
1338545833315164161 19
1338545830547103747 22
1338545828634521605 16
1338545820170383362 16
1338545817875959809 13
1338545817628577799 15
1338545813622951936 10
1338545812838629379 10
1338545810405949441 5
1338545809231552513 10
1338545808262778881 6
1338545808136941568 9
1338545805481959424 4
1338545800985526273 11
1338545798397759489 6
1338545797227536387 6
1338545796287959042 11
1338545795608555522 10
1338545785240162306 8
1338545781691789314 9
1338545775509442560 8
1338545772590231552 7
1338545770103001101 10
1338545767414370305 12
1338545762045669380 4
1338545760812617737 5
1338545753850060805 19
1338545739652345858 5
1338545736296894464 4
1338545735017652233 7
1338545734661058567 16
1338545716805984258 3
1338545715291828227 5
1338545713014165506 9
1338545708123770881 15
1338545706127273988 16
1338545694685208578 8
1338545694068666377 18
1338545687332487168 15
1338545685663277056 25
1338545680927821828 12
1338545678952312833 6
1338545677933162500 19
1338545677786374145 23
1338545662934257664 14
1338545660031807489 25
1338545655174881281 5
1338545654684135425 5
1338545653224525840 18
1338545646144458756 15
1338545642411597824 5
1338545637571391495 8
1338545637080637440 19
1338545631657422849 9
1338545630067748866 9
1338545628658475014 16
1338545626020257792 19
1338545623348490242 9
1338545622719270912 4
1338545622450835465 20
1338545618868908042 4
1338545618273366016 15
1338545613978394626 15
1338545609146568707 21
1338545605753319427 4
1338545604880961536 5
1338545602200821764 23
1338545601596841984 19
1338545600065908740 7
1338545591333187585 10
1338545581199908864 20
1338545579568357380 20
1338545576330334211 10
1338545569938231298 7
1338545566616326151 11
1338545563260874754 18
1338545557967605760 11
1338545552749957120 21
1338545550162079747 18
1338545549117710337 10
1338545548006187015 15
1338545539864879104 7
1338545539806183425 17
1338545539801989122 11
1338545539785306113 22
1338545539768438784 16
1338545539667931140 12
1338545536295550980 10
1338545527047270409 5
1338545509976436738 21
1338545509628334084 7
1338545506721665025 11
1338545505132032004 12
1338545503634505728 5
1338545502372175890 19
1338545500140818432 21
1338545496600797185 6
1338545495254425604 14
1338545493677314052 7
1338545489407483904 6
1338545483766136832 2
1338545474375016450 26
1338545473070788614 10
1338545472408064004 7
1338545472122867712 8
1338545468767428610 4
1338545466133405699 14
1338545465042690048 7
1338545462324891649 8
1338545461372755968 18
1338545460945051650 11
1338545453491752964 16
1338545452858400770 8
1338545451491004419 31
1338545449368772614 4
1338545448781570058 6
1338545445749059587 10
1338545442599153671 18
1338545437012348928 10
1338545432780304387 15
1338545430179692544 7
1338545427860209665 10
1338545427373719552 10
1338545426539036673 10
1338545426333638658 9
1338545425528270850 13
1338545418867781632 6
1338545418746163206 5
1338545410936360961 11
1338545410332385283 10
1338545395266428937 6
1338545394880548866 2
1338545394335297541 4
1338545385170669569 22
1338545374911328258 6
1338545371216277508 20
1338545371212095488 18
1338545369219813391 23
1338545367546290177 14
1338545367223296000 5
1338545367093219330 19
1338545366724177921 5
1338545362185973760 12
1338545357341519882 16
1338545356154556416 7
1338545353801551874 11
1338545343802322947 9
1338545338576211978 17
1338545335086551043 27
1338545333526269952 4
1338545327767433219 3
1338545320888774659 9
1338545316208009219 7
1338545312013627399 8
1338545311174815747 10
1338545308209467393 11
1338545308066848768 5
1338545306737102848 11
1338545306464518144 8
1338545304254119936 7
1338545303482413061 11
1338545301385261056 20
1338545289536397312 17
1338545288185860096 18
1338545288022274051 12
1338545286851903488 7
1338545278337552385 20
1338545277645557767 9
1338545273904259073 15
1338545269571514388 1
1338545260872355840 14
1338545257898790913 16
1338545239997476872 2
1338545236646133761 5
1338545229503356929 20
1338545225770409988 10
1338545221014069251 5
1338545219650936833 10
1338545218069655553 14
1338545214827466753 42
1338545209756487681 18
1338545198759075841 9
1338545193377624064 6
1338545191838429185 19
1338545183084998659 5
1338545176701251587 7
1338545171999420417 14
1338545161501106189 4
1338545160347557893 8
1338545156807684096 28
1338545152609181709 15
1338545152302977028 4
1338545147030740993 10
1338545130576498688 17
1338545125656551425 15
1338545124192776195 3
1338545120354963457 5
1338545116139679760 9
1338545104953470977 20
1338545094429995008 19
1338545091917598725 10
1338545089950445568 13
1338545085009563650 16
1338545080815276033 6
1338545073672294403 5
1338545070484688897 8
1338545067028570125 19
1338545066219024390 8
1338545063576670208 58
1338545063354359812 24
1338545060636479493 8
1338545056169545730 9
1338545042663858176 4
1338545040889683972 8
1338545040289914881 19
1338545036519063554 12
1338545036426964995 14
1338545033872629761 23
1338545031662211077 19
1338545030663983104 9
1338545027794997248 12
1338545025966338049 21
1338545025404252163 8
1338545012976607235 17
1338545011504291841 8
1338545010380328960 12
1338545003510030339 6
1338544999789711369 15
1338544993229803521 22
1338544981364121604 6
1338544978771972106 7
1338544978109337600 21
1338544975638913024 22
1338544971754971136 5
1338544968894439436 6
1338544963957755912 5
1338544952649936897 4
1338544946698186752 8
1338544946048069632 21
1338544943216939008 23
1338544942768156683 9
1338544940306096132 5
1338544929723850752 19
1338544926825517058 16
1338544918600552454 14
1338544912686604289 12
1338544909654089728 7
1338544906923610114 8
1338544906344738816 17
1338544894479118337 18
1338544887134904323 13
1338544878087774210 10
1338544874078023684 19
1338544867685888002 12
1338544867052498945 14
1338544863583809539 16
1338544861511880723 7
1338544857808310275 11
1338544855354585089 24
1338544850199785473 10
1338544849226772483 6
1338544847653724162 9
1338544847549059077 9
1338544845602893825 8
1338544843451211778 5
1338544840892669957 11
1338544838350934021 23
1338544831665221634 7
1338544830658568192 21
1338544830201393160 19
1338544829475729408 14
1338544828557221888 6
1338544826661425153 4
1338544822404182028 21
1338544819686223874 11
1338544819203960835 6
1338544819006803969 9
1338544816393760770 20
1338544804922322948 18
1338544801030008833 21
1338544800539299843 5
1338544799327129601 7
1338544798530199552 7
1338544795782950922 8
1338544794612752385 10
1338544792914026498 15
1338544786928766978 5
