1338552834384683008 6
1338552829254877185 11
1338552815480954881 11
1338552811349561353 18
1338552789761286145 19
1338552785080619008 36
1338552777413373958 3
1338552775647637505 20
1338552774510972935 16
1338552770685784066 17
1338552769557368832 13
1338552767070302208 21
1338552764612403204 3
1338552761370152960 14
1338552743498289159 7
1338552742474866691 9
1338552737991168004 17
1338552734316949507 2
1338552722803601409 3
1338552719259398145 16
1338552717103538179 8
1338552694341054473 7
1338552686950674432 10
1338552678696292352 6
1338552671398207489 9
1338552669749833732 6
1338552664343400449 6
1338552663634567174 19
1338552663114477568 9
1338552661675831297 7
1338552657083060229 10
1338552649965158400 19
1338552637508227079 17
1338552635738234887 16
1338552631304843264 10
1338552621074931717 14
1338552613793513472 5
1338552604520026118 19
1338552595993022466 17
1338552586161582087 5
1338552586115424257 9
1338552586060836866 9
1338552585888952321 18
1338552575956803584 9
1338552573020803075 18
1338552571154341890 7
1338552570915254273 18
1338552567115239424 6
1338552560689549318 20
1338552560433721344 14
1338552553685069825 8
1338552524777926657 7
1338552514296352769 5
1338552508034277376 8
1338552505903570949 9
1338552504854999043 7
1338552503533793282 18
1338552498357997577 21
1338552496273436680 14
1338552495262601218 8
1338552484323864577 7
1338552484109946883 7
1338552483304632322 24
1338552482402725889 6
1338552481333305344 6
1338552480368644096 17
1338552480079208457 5
1338552469366865921 3
1338552466665857025 7
1338552453613170688 6
1338552446864527360 8
1338552443290972163 4
1338552441587941376 7
1338552423598731270 23
1338552421052784661 8
1338552415319109638 26
1338552402400563200 9
1338552394599325696 11
1338552385795469317 7
1338552382985265164 6
1338552367264960512 7
1338552363649470466 24
1338552362257035264 11
1338552361963429888 5
1338552355306999810 7
1338552352635285509 18
1338552346272477184 7
1338552345299324928 8
1338552337888145410 18
1338552336453693446 9
1338552336306892800 5
1338552334314594304 12
1338552334234886148 12
1338552324743163910 9
1338552318736949249 23
1338552316589453313 12
1338552312416100356 11
1338552307173167105 15
1338552294527340545 10
1338552290777686018 12
1338552287145431041 19
1338552282368118787 17
1338552276181524481 24
1338552270619807745 19
1338552268816330754 10
1338552263191703553 19
1338552259706318849 13
1338552251028299777 23
1338552243281334273 8
1338552241326673926 7
1338552231285633026 17
1338552228735578119 7
1338552228332843009 6
1338552209093627905 22
1338552197982859268 22
1338552189455896576 2
1338552183185264641 14
1338552182652760064 7
1338552166836006912 11
1338552164533342212 7
1338552163572781058 21
1338552160557158400 21
1338552159563116545 7
1338552156669022209 21
1338552153657446401 7
1338552138423820291 20
1338552114432401411 12
1338552113199243269 9
1338552106219868166 5
1338552105007804425 8
1338552097550307336 14
1338552094098411520 17
1338552091401482243 17
1338552088788422657 6
1338552086938542080 6
1338552082836537345 5
1338552063605813248 11
1338552062603366405 9
1338552060980178944 9
1338552054424416256 14
1338552050834157570 6
1338552044509081612 7
1338552041497477120 4
1338552038481911808 17
1338552030286274560 22
1338552028805668871 21
1338552027501260805 7
1338552018349268993 12
1338552014331064326 12
1338552011722285057 26
1338552008618299392 14
1338552001572069384 22
1338551993107943424 18
1338551990117408769 15
1338551988141903873 2
1338551984782249985 5
1338551982102110210 14
1338551977576452099 7
1338551973222690817 9
1338551973214347264 15
1338551966855729152 8
1338551961243836419 24
1338551961239638017 16
1338551961126318080 9
1338551956630102019 8
1338551950632235019 12
1338551947398352898 13
1338551945733214211 5
1338551943443181568 19
1338551943183024131 9
1338551939039195150 7
1338551938011566085 7
1338551937407578113 9
1338551928121389063 6
1338551915966320642 20
1338551913051271173 12
1338551906910744576 6
1338551901047181314 20
1338551898606100492 17
1338551896903127041 4
1338551892897619970 19
1338551886308388869 20
1338551885981241345 11
1338551882911002625 4
1338551878775418885 7
1338551876350922752 19
1338551874392354822 9
1338551866024742915 2
1338551864254750732 5
1338551863961120768 5
1338551860635066370 8
1338551859607461888 8
1338551858369945600 18
1338551858290450433 18
1338551857254428676 9
1338551850941943810 5
1338551850723921923 8
1338551850254151681 15
1338551847955685379 25
1338551847628513281 9
1338551841060245513 21
1338551840519045121 21
1338551838262620162 8
1338551833459974144 8
1338551833359368192 9
1338551833284005896 14
1338551833233678336 6
1338551833061519361 9
1338551832977653760 6
1338551832898113543 20
1338551832851824641 11
1338551832487096327 6
1338551832352796674 17
1338551832222658560 21
1338551832193458176 17
1338551832172503040 17
1338551832134758401 5
1338551832029880321 8
1338551832025518080 10
1338551831895695364 23
1338551831861989376 21
1338551831778222080 10
1338551831761399808 11
1338551831744679937 7
1338551831698395137 12
1338551831652311041 14
1338551831639838720 13
1338551831564222465 20
1338551831337656321 7
1338551831262269443 12
1338551831165886472 6
1338551831149096960 11
1338551830935179267 11
1338551830868078597 9
1338551830809354241 10
1338551829962121231 2
1338551818373263360 18
1338551813193281538 19
1338551806939508738 24
1338551806369157132 6
1338551804548632576 21
1338551796441231366 8
1338551796302815237 30
1338551794838999042 23
1338551791458410497 6
1338551789092737028 16
1338551788753072137 14
1338551787049996288 6
1338551777160015874 21
1338551773271769090 5
1338551768381263873 11
1338551747208486915 9
1338551745123901445 15
1338551740145291265 13
1338551731563716614 10
1338551729500151816 15
1338551717286338562 8
1338551701180182531 19
1338551681525682182 5
1338551679193673728 5
1338551674517020675 7
1338551671790727169 16
1338551667013324823 10
1338551667009220609 6
1338551665289539584 17
1338551662840078340 19
1338551658419281925 20
1338551651343413254 18
1338551640031457286 10
1338551639326789633 8
1338551635203805186 16
1338551621450674177 7
1338551620469186565 8
1338551612009222149 13
1338551604103016468 15
1338551599648681987 20
1338551599409586178 21
1338551592044404736 13
1338551590672883716 22
1338551589825556481 7
1338551588064006148 19
1338551582959562752 12
1338551582460424200 6
1338551577787895812 21
1338551557865005057 11
1338551551233683461 6
1338551546355851266 9
1338551545466646528 16
1338551544799760386 10
1338551542065082372 13
1338551538818691073 16
1338551536490713088 7
1338551535589076998 7
1338551532715962375 7
1338551526533554177 7
1338551526470594560 8
1338551523098423297 8
1338551518123929602 6
1338551517931053062 16
1338551514105868289 8
1338551514080530437 18
1338551510943326209 23
1338551500059119616 19
1338551488004706311 6
1338551485110624257 18
1338551484695375873 6
1338551472921972739 7
1338551470967332864 16
1338551470711402496 6
1338551470455709697 20
1338551468236959746 2
1338551463493025792 4
1338551460368424960 13
1338551459252723712 20
1338551457763778563 4
1338551456207675397 15
1338551454991339528 18
1338551453439430675 22
1338551450834776067 8
1338551448901128197 20
1338551448632578048 19
1338551442655883267 11
1338551438356611072 23
1338551433856241666 6
1338551431595343873 8
1338551430337208326 13
1338551430018441216 8
1338551429347348493 3
1338551425412911104 8
1338551423089381377 15
1338551421818597383 6
1338551416881782786 12
1338551407209816072 11
1338551399110471680 3
1338551382501191686 4
1338551373219192832 20
1338551372501970944 19
1338551365245734913 15
1338551362787930116 29
1338551360749498369 6
1338551358224539655 4
1338551354801926144 16
1338551352197341189 20
1338551352063037441 20
1338551350595096578 9
1338551349915635714 9
1338551346878967808 8
1338551344270110723 25
1338551335160045568 9
1338551330907041793 20
1338551330143678466 17
1338551329371852801 22
1338551327413202945 7
1338551319980892161 7
1338551318995218441 13
1338551317040513024 12
1338551314377302028 12
1338551311155998721 2
1338551302754852865 13
1338551286292242432 5
1338551264410558464 6
1338551262888005633 12
1338551256248283138 8
1338551249025773568 7
1338551246664380416 4
1338551245959819265 13
1338551242512101380 11
1338551241685786624 4
1338551235897683968 11
1338551233087500288 8
1338551226519187456 16
1338551224250064896 23
1338551224174587910 4
1338551218994556929 23
1338551217597931522 10
1338551207854391296 8
1338551207711952898 15
1338551206264799234 17
1338551199377862664 7
1338551190871797761 14
1338551189940670464 14
1338551180281208834 10
1338551178142117890 7
1338551172450250755 4
1338551164657405953 9
1338551158550396928 9
1338551155778088961 7
1338551151713792004 20
1338551149973090304 11
1338551149046214658 9
1338551141999775744 30
1338551140020084741 9
1338551130251550722 5
1338551128427016193 4
1338551115072348162 9
1338551114262777869 7
1338551106155261953 14
1338551103034712071 3
1338551099377258497 13
1338551096051191813 6
1338551092045639703 14
1338551090422362120 17
1338551080330866694 18
1338551080293167104 14
1338551073980772353 10
1338551069719183361 7
1338551066259021831 16
1338551057966895105 9
1338551051595681793 21
1338551047963303937 11
1338551046218653696 8
1338551045971210242 5
1338551036710170624 19
1338551035615436802 10
1338551034541715467 7
1338551031693774849 14
1338551025712640000 18
1338551019228311552 19
1338551016636243972 11
1338550995832463366 16
1338550984918917120 6
1338550983857725446 11
1338550978757464064 22
1338550974441533456 8
1338550973879508992 20
1338550960159854592 3
1338550958712819712 9
1338550949669986306 12
1338550941453312000 6
1338550934713065473 19
1338550933056188416 8
1338550919206756360 12
1338550914085433344 15
1338550914010013697 26
1338550905369554944 8
1338550902769266688 24
1338550901729075200 11
1338550883773190146 6
1338550880044511234 11
1338550874407366661 11
1338550872666742786 11
1338550869319671811 6
1338550867818131457 14
1338550862373916674 23
1338550850638254080 10
1338550848268492802 7
1338550841356201991 7
1338550836708794369 23
1338550833747726338 8
1338550832518803456 7
1338550832292388874 13
1338550831184969728 23
1338550830698356737 7
1338550824327376900 4
1338550823916285958 17
1338550823513690112 19
1338550821932437505 4
1338550820841910272 18
1338550815393542145 9
1338550814361653249 23
1338550810326806529 8
1338550805201362945 18
1338550804077219843 13
1338550793855766530 6
1338550791888646146 8
1338550783227424771 9
1338550783151919105 7
1338550771034566658 23
1338550761966473217 9
1338550754081185806 11
1338550753728868352 19
1338550752835489792 14
1338550746418208770 7
1338550743746416642 22
1338550737341620226 11
1338550731842842624 25
1338550729141850119 19
1338550725379559427 5
1338550723785605120 7
1338550718584803333 9
1338550716294565888 10
1338550712616296452 7
1338550704387072001 23
1338550701815779328 18
1338550697223200784 4
1338550689493114893 7
1338550689157541891 29
1338550688822030337 8
1338550687962001415 8
1338550684220706816 6
1338550680433414144 15
1338550676398501890 15
1338550658799075329 21
1338550646639894533 6
1338550635923378177 12
1338550634707095554 12
1338550633713037313 17
1338550631502508033 22
1338550628788948996 11
1338550621755105282 5
1338550611781029893 23
1338550605040726016 7
1338550603379855360 12
1338550600439652354 22
1338550595406483458 18
1338550592810016769 9
1338550585285554182 6
1338550585239416836 8
1338550582454460417 15
1338550577014444039 6
1338550572623015941 12
1338550572547534849 17
1338550571771588610 20
1338550566063050752 7
1338550564809043969 10
1338550559650041862 11
1338550557594750976 14
1338550552289046532 19
1338550549826953220 2
1338550549118070786 24
1338550547624955911 22
1338550542658887682 7
1338550538435178496 13
1338550530751287298 17
1338550528985456642 13
1338550526624079875 23
1338550523222495233 10
1338550518881390592 5
1338550518864617473 6
1338550517119791104 15
1338550509599416323 8
1338550508739555332 19
1338550504184569858 9
1338550503177859075 3
1338550501906923521 23
1338550499977654275 22
1338550492893417473 9
1338550488938274819 12
1338550482281897985 9
1338550480801329155 6
1338550477647208455 19
1338550463747264512 8
1338550463629832197 8
1338550458495987724 24
1338550457887825928 7
1338550457199955972 8
1338550456973484032 36
1338550454641455109 7
1338550453152460800 8
1338550447242698754 13
1338550439718100994 11
1338550412539031555 24
1338550411507200005 5
1338550407497474051 7
1338550405958160387 20
1338550394973278219 8
1338550393207287809 8
1338550391252901891 8
1338550383417942026 3
1338550382105079815 9
1338550375427809289 5
1338550372756037634 6
1338550366930153472 7
1338550358205997057 4
1338550351503314944 11
1338550345962807296 7
1338550345241419784 19
1338550344863899654 7
1338550336768733184 16
1338550336487895043 8
1338550333837074434 12
1338550324899049474 10
1338550317760319507 10
1338550313343651845 20
1338550307173896194 7
1338550302249783297 7
1338550300945362947 9
1338550289629143040 18
1338550287926251521 12
1338550286961545216 14
1338550286160424963 19
1338550285367730178 20
1338550283853565959 17
1338550282666569730 8
1338550282133835779 19
1338550282024677376 3
1338550276341559317 16
1338550275527720961 23
1338550274999377929 7
1338550273904680961 9
1338550270989627401 13
1338550268456263683 12
1338550249573400577 7
1338550247409283073 4
1338550245874085889 16
1338550244133441536 12
1338550238089523200 11
1338550228404809731 10
1338550225011695616 16
1338550224571297795 19
1338550221765218306 20
1338550218913173508 13
1338550215473836034 8
1338550212512673795 10
1338550208351891456 13
1338550205034209282 19
1338550198361088001 6
1338550196683362304 4
1338550196318445571 6
1338550190459015170 6
1338550188978237440 19
1338550184125587456 24
1338550183110565894 18
1338550178484252673 25
1338550175883792386 7
1338550175732817937 17
1338550175065927689 7
1338550174961033225 6
1338550174831042560 9
1338550173908291586 4
1338550173677604864 7
1338550172343791620 7
1338550161702866944 17
1338550145038868487 17
1338550144996925451 16
1338550143856103427 6
1338550138176991241 7
1338550132757979137 4
1338550128156807172 12
1338550128060325903 11
1338550127720587265 20
1338550123278766081 15
1338550116609822723 11
1338550116018495496 5
1338550113451569152 9
1338550109303345157 19
1338550101489446920 20
1338550100805750784 11
1338550092475805696 11
1338550089732775938 18
1338550085936930817 19
1338550081163816961 21
1338550078194126848 4
1338550075153387520 5
1338550069331693583 16
1338550065380683776 13
1338550058455871489 6
1338550053179334658 14
1338550052550217730 23
1338550032807686152 12
1338550027682197504 22
1338550024372969479 9
1338550019696287745 22
1338550014814072833 13
1338550006144495616 5
1338549999689412608 19
1338549998057910272 23
1338549997747494919 8
1338549994559836160 4
1338549993054085126 11
1338549988486504449 5
1338549987429535749 10
1338549985617514496 5
1338549961470976005 14
1338549955410202630 16
1338549946778333191 13
1338549946652516352 7
1338549945201094657 21
1338549945020911616 11
1338549944056242183 28
1338549943863304193 3
1338549939656400897 3
1338549934853935106 15
1338549932832288769 5
1338549930244403205 8
1338549926767300613 19
1338549917338521602 4
1338549910615027716 6
1338549908824059906 12
1338549900083081217 10
1338549897369321472 7
1338549892776669185 3
1338549890436243459 11
1338549889886810117 19
1338549885272985600 7
1338549883528220672 12
1338549882886508551 9
1338549874770501633 12
1338549868395192330 17
1338549866969100288 9
1338549865215897606 8
1338549860354715652 14
1338549853987680256 3
1338549851567566855 4
1338549846890962949 8
1338549839328649216 5
1338549835004342273 16
1338549828993822721 11
1338549818868834307 16
1338549816239022084 19
1338549813563056128 4
1338549813516722177 10
1338549802867576839 8
1338549789403865093 18
1338549785519935492 12
1338549783770894337 11
1338549781149454338 7
1338549773226401796 8
1338549766549106688 7
1338549764145770508 19
1338549763281661952 10
1338549757879463937 4
1338549751411830790 12
1338549748257738753 7
1338549743295848449 15
1338549740317896706 10
1338549732608761859 11
1338549724371152897 20
1338549721296560129 11
1338549715877683203 19
1338549714632011780 29
1338549713776336898 21
1338549711213654022 10
1338549708403462145 11
1338549705899438083 26
1338549700077752320 3
1338549699800870912 5
1338549699599626240 8
1338549696390901762 12
1338549691882024969 16
1338549679236243467 8
1338549679206830080 13
1338549677424336898 2
1338549672219172866 19
1338549668578537474 7
1338549663721431041 4
1338549662144471047 8
1338549661368381440 6
1338549661003632646 9
1338549653227368448 4
1338549650861809664 11
1338549647103717378 10
1338549643257536513 7
1338549631144300545 8
1338549628296437760 5
1338549627029696522 4
1338549625565945858 5
1338549607996002311 21
1338549602853720065 17
1338549595840929792 20
1338549590581256193 7
1338549584675659777 8
1338549584201658369 12
1338549582624661512 6
1338549575120928768 6
1338549571748814849 5
1338549567000883201 6
1338549561737015298 6
1338549549166698497 14
1338549547635716101 4
1338549545777684480 6
1338549544016076801 7
1338549540639662080 15
1338549537552564224 20
1338549534285291522 20
1338549528568483844 22
1338549523841511426 19
1338549522511712260 16
1338549516107210754 22
1338549512135172098 3
1338549503465582593 8
1338549499652952066 7
1338549493453770752 8
1338549491209822208 19
1338549488781287427 8
1338549487455920134 7
1338549486063333378 10
1338549483714600967 4
1338549482754072576 4
1338549479973277698 21
1338549479356633090 2
1338549477548941312 7
1338549476043198464 7
1338549474491297795 9
1338549474000596995 6
1338549473644060678 6
1338549473220456450 21
1338549468514443264 21
1338549467096756230 12
1338549466824105985 5
1338549465460977667 7
1338549459949641728 7
1338549455470043138 4
1338549450474663937 8
1338549403611783177 7
1338549399526445062 7
1338549390282272770 4
1338549390093508614 6
1338549388575117316 11
1338549381834940420 16
1338549380022988800 9
1338549377749676033 6
1338549358095163396 4
1338549357734371328 8
1338549351988260871 13
1338549348364414980 6
1338549346317504514 9
1338549345881370625 12
1338549345864519683 22
1338549344564338688 17
1338549343591276546 9
1338549342492352512 17
1338549340105809920 12
1338549336419016706 14
1338549335202598917 19
1338549334615461895 7
1338549333076140035 8
1338549330156859399 7
1338549330123231232 9
1338549328772812806 7
1338549328261095426 2
1338549327799742464 7
1338549322695274502 10
1338549320904298500 9
1338549319914442752 10
1338549314423951360 11
1338549314398851074 14
1338549314390355968 8
1338549314373570563 7
1338549314373570561 9
1338549314369380352 14
1338549314331656199 21
1338549314314858496 10
1338549310351400961 17
1338549306119364615 9
1338549298997420035 19
1338549290906644482 4
1338549288251625476 8
1338549287651782658 20
1338549284216647680 12
1338549281293299717 22
1338549264310480903 11
1338549258694356998 5
1338549258031517696 27
1338549256290971651 16
1338549253690576902 18
1338549249118773249 4
1338549246430072832 13
1338549246388277249 18
1338549236498133003 9
1338549233666887682 12
1338549220089839616 5
1338549216206082049 6
1338549214910029824 9
1338549213534228488 9
1338549204000641024 23
1338549203228913664 14
1338549200154406914 28
1338549193028239360 10
1338549192835395584 19
1338549192520847362 22
1338549192483082240 3
1338549184182571009 19
1338549181103939590 9
1338549169674481664 6
1338549169615736833 21
1338549168017694721 4
1338549166990110721 10
1338549166461636611 15
1338549161126453257 20
1338549151169191937 21
1338549150430859265 8
1338549148094787586 19
1338549146228285446 17
1338549145523642372 10
1338549144970010631 7
1338549141950128128 7
1338549138594598914 14
1338549134178004994 6
1338549129727913986 10
1338549127286820869 14
1338549121976832003 12
1338549121066676224 21
1338549116125769728 19
1338549111151357952 16
1338549108005593088 20
1338549101932269569 10
1338549100711710720 16
1338549100552351745 7
1338549098186756101 8
1338549090720866307 4
1338549082797846532 5
1338549080935583745 10
1338549074916741120 16
1338549074837037057 8
1338549072786026498 16
1338549072177848321 18
1338549068688068608 19
1338549066079346691 9
1338549063487279106 2
1338549062753120256 10
1338549054217871361 12
1338549051143430144 22
1338549032759799818 8
1338549003781337090 13
1338549002162286597 13
1338549001549836288 4
1338549001231142912 5
1338548990036635648 3
1338548986613993474 10
1338548983225061377 5
1338548979127226368 11
1338548970696663042 6
1338548968452591616 10
1338548965273444352 16
1338548955920162823 10
1338548953864921092 22
1338548949473316864 8
1338548947304902656 14
1338548944926892034 8
1338548944725487616 9
1338548939046391810 8
1338548937616216065 9
1338548928409550848 15
1338548926765522946 30
1338548922424455174 10
1338548921199714304 12
1338548917923942400 9
1338548910818725891 9
1338548910063669249 10
1338548907652108290 14
1338548901163524097 8
1338548896759472129 16
1338548896033804291 5
1338548893554864129 7
1338548882901327872 10
1338548872583450634 17
1338548872105369600 8
1338548871971172356 8
1338548866183028751 12
1338548861674147841 9
1338548853948215297 6
1338548831777001473 15
1338548828807557139 9
1338548817835253762 9
1338548813158604800 9
1338548804132417537 11
1338548798126174223 11
1338548797010571271 24
1338548795370582022 6
1338548793902501889 2
1338548793495740416 5
1338548788278009857 3
1338548785979535361 19
1338548780442988544 6
1338548773669236741 18
1338548770250829824 7
1338548764848644099 21
1338548764072538112 16
1338548761669341188 17
1338548760037744648 4
1338548756678139908 23
1338548755352719360 12
1338548748549545984 15
1338548747303837698 17
1338548746381103104 8
1338548743675793418 3
1338548741003902976 7
1338548739338866689 19
1338548737128468487 4
1338548729369006081 23
1338548727636627458 10
1338548722905600000 7
1338548721370476548 13
1338548716106641409 9
1338548712960880641 14
1338548704907845632 19
1338548693839060994 6
1338548689980321793 14
1338548684318003202 11
1338548683839823872 14
1338548682371817475 22
1338548680907952128 7
1338548680689913859 12
1338548677007339521 12
1338548667603533824 19
1338548661782016004 7
1338548655217840128 13
1338548654098042880 10
1338548650356707328 5
1338548650079887360 25
1338548647101861888 14
1338548636041482250 6
1338548634875539463 9
1338548625413206022 3
1338548623357972481 9
1338548610418536450 18
1338548609860726784 16
1338548604882055171 22
1338548603892195328 9
