1338587550856978440 24
1338587546658476033 6
1338587544888422401 19
1338587535900102662 11
1338587525301084161 13
1338587523971502083 11
1338587520083365888 26
1338587519118700548 8
1338587512537817093 10
1338587501611642883 6
1338587494883979264 18
1338587469625716736 14
1338587462130659335 23
1338587461203730437 16
1338587457772785665 16
1338587457147842568 8
1338587450726363138 20
1338587442350346243 26
1338587440328683521 6
1338587438302760963 5
1338587435220037632 14
1338587434825756675 20
1338587430782455812 19
1338587428530098178 25
1338587425686360069 9
1338587421445910533 8
1338587420896464896 11
1338587416010100737 9
1338587415926206474 12
1338587396275892228 9
1338587386666774528 15
1338587375094493185 13
1338587362666958853 8
1338587359936471041 20
1338587358548078601 5
1338587350813831171 22
1338587349467475976 11
1338587338339971085 7
1338587337874403338 7
1338587336666271744 13
1338587331238850561 21
1338587327975845894 7
1338587324653957120 8
1338587323886227456 7
1338587322602971139 20
1338587318047936512 14
1338587314608459776 20
1338587311269961728 5
1338587306580709376 5
1338587306375180289 4
1338587301933445125 5
1338587291284086784 10
1338587282903805956 9
1338587269456928769 5
1338587268148121601 6
1338587258576924673 12
1338587251253669889 13
1338587240788865031 11
1338587236770541568 8
1338587234161684480 5
1338587230395224065 8
1338587228717670401 8
1338587226301612032 17
1338587215388155906 22
1338587214301769728 24
1338587210027819012 25
1338587209168015362 6
1338587206773067781 4
1338587206416539655 6
1338587203195314177 14
1338587199500062724 7
1338587199416061953 8
1338587198304575492 3
1338587192705290241 15
1338587190570315777 9
1338587189354094595 2
1338587185264664582 7
1338587182773248009 5
1338587180705386498 5
1338587179489112067 13
1338587178817957892 22
1338587177928691712 8
1338587172820176897 6
1338587170274205702 8
1338587167451451392 18
1338587163861127184 7
1338587162019819521 6
1338587160497115138 7
1338587158798618627 16
1338587158085419008 14
1338587157573799937 21
1338587155782918144 6
1338587153044017153 13
1338587150334488576 6
1338587140687540225 23
1338587132001214466 8
1338587125147705344 24
1338587121330892806 6
1338587118684282880 20
1338587115572125698 7
1338587103597383684 9
1338587102653657089 20
1338587101798019073 21
1338587099927339012 9
1338587092641837056 18
1338587090989187073 7
1338587088611110912 5
1338587087055032320 23
1338587077114531845 31
1338587074019127298 7
1338587073293426688 9
1338587068012896267 14
1338587066238689284 12
1338587065085210632 4
1338587063164157952 12
1338587063130656770 23
1338587063071907840 8
1338587062946000896 18
1338587057304850434 13
1338587054481965058 10
1338587049100767233 8
1338587044885508096 9
1338587044344422406 14
1338587037956497410 14
1338587036215881733 18
1338587033070088195 19
1338587032835284993 18
1338587028158623748 2
1338587008386527232 8
1338586998727184385 14
1338586995740839938 23
1338586988916588544 8
1338586986949570565 9
1338586972189831171 9
1338586968352055303 16
1338586968024821761 11
1338586964883345409 7
1338586964010938376 3
1338586956721246208 5
1338586955752361985 6
1338586948076617728 8
1338586948005363712 6
1338586945023332353 9
1338586937649754115 7
1338586931647623168 12
1338586927793123328 13
1338586923720450051 8
1338586912374874114 6
1338586904565059584 16
1338586898261024768 10
1338586892351180802 6
1338586891113750528 7
1338586888718987264 16
1338586885988306944 19
1338586870272335872 9
1338586867734900743 8
1338586867076386819 21
1338586854984212485 14
1338586850534039553 13
1338586844947243008 21
1338586838999703552 11
1338586836487331842 5
1338586829516382210 4
1338586827209510912 14
1338586823262679041 12
1338586820037271555 16
1338586817558417409 7
1338586812193902603 12
1338586811329699841 8
1338586811287937024 13
1338586807819235331 16
1338586807810678784 20
1338586803109027846 8
1338586794867130368 8
1338586787061620736 8
1338586782728851460 22
1338586776911437831 4
1338586775493742593 20
1338586773094506496 20
1338586768480882693 11
1338586753188458502 6
1338586749942034434 26
1338586744468410375 19
1338586742622924809 14
1338586741436002305 16
1338586738839728130 20
1338586737468174341 25
1338586734641242114 23
1338586727062056966 4
1338586718606331906 20
1338586716744151041 14
1338586708527493122 18
1338586701485236228 6
1338586700528967685 12
1338586698666663938 3
1338586697311903745 2
1338586695030218752 9
1338586681864237061 6
1338586678647287809 13
1338586677111996416 7
1338586675161665536 33
1338586669071654912 13
1338586667922415617 21
1338586663681867776 3
1338586652441251844 18
1338586644849565698 15
1338586643327021057 18
1338586640596471812 13
1338586639640256517 5
1338586636267958273 5
1338586624758870029 24
1338586616022114304 13
1338586614759559168 14
1338586596157890563 1
1338586591867047937 5
1338586587702075393 8
1338586585227546628 12
1338586584598327301 8
1338586583373664256 5
1338586579758149632 20
1338586579380576256 6
1338586571260497921 6
1338586563215810568 9
1338586561601019906 17
1338586560367878151 19
1338586556035026944 4
1338586545847058434 15
1338586542219137026 4
1338586539287326721 19
1338586519850901510 8
1338586518185717760 7
1338586514528362500 10
1338586509016879104 7
1338586508454998025 6
1338586507112828931 24
1338586505107939329 5
1338586492822835225 10
1338586484442607618 3
1338586479526817792 17
1338586478159474688 5
1338586475286441985 19
1338586462665707521 12
1338586453278941187 13
1338586448228847616 14
1338586440066744320 15
1338586439819403267 5
1338586436895911941 15
1338586435499118592 5
1338586426724782085 16
1338586426091446273 9
1338586414829670400 4
1338586414221430784 9
1338586409385517059 17
1338586408483770368 5
1338586403307843584 14
1338586399814127621 20
1338586399759536128 21
1338586395456253953 7
1338586394852290564 6
1338586388615278593 13
1338586379840843780 6
1338586373566177286 24
1338586371087339524 8
1338586365798313985 18
1338586360769343494 19
1338586359338999808 6
1338586358688796672 6
1338586357606727680 6
1338586355463491585 17
1338586351567073284 15
1338586349679636484 16
1338586347523731457 6
1338586343862116356 15
1338586341806923783 6
1338586330641657856 10
1338586324115226624 7
1338586322034962432 28
1338586320474501120 15
1338586301789057024 19
1338586299247288325 16
1338586296898433025 7
1338586296759926785 22
1338586292213444612 17
1338586288769933312 4
1338586282247729153 18
1338586280414900227 11
1338586264954658816 6
1338586262870122497 16
1338586262228226048 15
1338586259732754435 9
1338586257522307073 6
1338586254720589837 6
1338586251616792576 14
1338586251218329600 9
1338586251130269697 16
1338586249494474757 10
1338586248961781763 20
1338586244251586562 14
1338586239281278978 14
1338586232406880256 9
1338586231257530368 9
1338586226576793601 15
1338586203260477440 16
1338586184566546432 10
1338586182846976003 9
1338586181945221122 13
1338586177536978945 6
1338586173602729987 9
1338586158796771329 8
1338586157492342786 4
1338586136713760768 6
1338586112365826048 9
1338586106988802050 15
1338586102458888193 3
1338586089930440704 16
1338586080640110593 8
1338586074642309120 4
1338586067763683341 12
1338586065360261122 14
1338586063707787264 6
1338586059597287432 4
1338586056690561024 17
1338586054010474496 2
1338586053939171328 16
1338586050818609153 3
1338586050776666113 13
1338586043189104640 7
1338586039041093646 8
1338586034892890115 16
1338586022700077061 9
1338586012352704513 20
1338586010221998081 17
1338586009588600833 8
1338586007097249792 10
1338586005427851269 13
1338586003859181578 19
1338586001392988160 8
1338585993432027136 5
1338585988449366017 14
1338585987153354755 11
1338585982564708353 17
1338585981272817664 14
1338585974134214658 9
1338585961089945613 6
1338585960888594441 2
1338585955813494784 9
1338585953930268674 11
1338585950826467330 10
1338585949043904512 26
1338585948494450697 19
1338585935953489926 15
1338585935122935814 9
1338585916315721728 20
1338585914809970695 20
1338585889803436032 6
1338585886745825300 7
1338585885961547781 9
1338585878759956484 8
1338585877254172674 21
1338585872447533065 24
1338585869511512064 8
1338585865644290048 21
1338585852189040640 8
1338585844303671296 9
1338585843754217474 24
1338585842797961220 10
1338585838700142594 4
1338585837748019203 20
1338585836066107393 15
1338585824955346945 8
1338585813735661572 19
1338585813546901508 21
1338585811177119746 19
1338585809818103809 5
1338585805137178626 7
1338585805124632577 4
1338585805103706117 11
1338585805091000321 10
1338585804923412481 12
1338585804856147968 23
1338585804776456194 12
1338585804734681090 18
1338585798095085569 12
1338585797029748745 2
1338585796446654464 7
1338585795578499078 21
1338585774615392257 8
1338585771775844354 15
1338585770098102273 8
1338585767887646731 3
1338585764716834818 5
1338585761613049858 17
1338585759469670409 25
1338585754306547718 22
1338585752872087552 17
1338585752519716866 7
1338585751282446345 10
1338585731019759621 4
1338585729203572736 9
1338585728851333121 14
1338585728616435713 10
1338585722610192384 7
1338585706881544193 7
1338585702506835969 16
1338585694965538827 7
1338585682508455942 9
1338585681736724481 13
1338585681652817921 22
1338585670999142402 6
1338585668772114433 14
1338585668008562689 25
1338585662413565955 10
1338585662342230018 13
1338585645137203201 21
1338585634185875458 19
1338585632109711361 12
1338585628792020997 9
1338585628154400769 5
1338585623381372931 15
1338585619094794243 8
1338585611528261634 10
1338585611381387269 11
1338585608680321032 6
1338585596630097926 14
1338585596369936384 19
1338585595174641667 5
1338585593886990337 6
1338585590980358145 16
1338585581916401664 20
1338585581799043073 16
1338585581010477067 24
1338585580070952972 14
1338585577831112704 8
1338585569337729028 18
1338585568750555136 15
1338585561821491203 13
1338585559720222722 25
1338585559686639618 7
1338585554032734209 18
1338585553202102272 21
1338585552967372808 10
1338585548454318081 6
1338585546566881281 8
1338585539377844227 19
1338585535590359044 24
1338585523288485894 3
1338585520784482313 16
1338585512576167945 5
1338585508000247814 3
1338585502090485763 16
1338585497044742147 15
1338585485485215747 19
1338585478598156291 6
1338585477373448195 7
1338585475888648193 6
1338585467508445185 13
1338585445500850180 19
1338585443261145100 7
1338585437766438912 2
1338585437712101379 7
1338585431919759360 23
1338585430917345280 32
1338585421626953728 6
1338585413967966208 6
1338585409593483265 3
1338585404971175937 4
1338585386659016708 7
1338585381885898754 4
1338585375183409156 22
1338585368795508743 8
1338585367734341634 8
1338585364928159744 6
1338585362738733056 10
1338585348872388608 5
1338585348130091011 25
1338585329612320775 2
1338585326147698688 19
1338585317159313408 8
1338585313111838725 16
1338585309139841026 4
1338585305436332036 13
1338585299887263744 14
1338585296280186880 10
1338585279444230145 5
1338585268631310338 18
1338585267763093504 22
1338585264428552192 19
1338585257201831939 11
1338585251120107520 12
1338585248142151681 12
1338585236288966657 18
1338585235445985282 9
1338585234187689988 8
1338585228214865922 3
1338585223274106883 6
1338585213560115202 7
1338585213375537157 9
1338585209189576704 21
1338585206186516480 12
1338585202982068225 23
1338585199332925440 8
1338585194627026946 5
1338585193431650306 12
1338585183147192321 8
1338585176205570048 19
1338585168316157958 7
1338585165933719553 16
1338585163987644416 9
1338585161475239942 10
1338585159860428800 5
1338585155875770377 5
1338585149601177601 29
1338585145545256964 21
1338585144362491908 18
1338585140356853763 8
1338585139115413506 26
1338585137236373506 15
1338585135944495110 11
1338585134920998912 11
1338585129233498113 11
1338585124598919174 3
1338585110661173250 17
1338585109952344064 12
1338585103451230208 13
1338585098518732812 8
1338585087881977863 7
1338585077639507974 15
1338585075810754561 29
1338585075374501891 18
1338585064389677057 3
1338585060656754694 17
1338585055346749441 21
1338585054377881600 10
1338585053610319874 2
1338585052641439748 11
1338585051613851649 11
1338585050959540224 12
1338585049818685441 15
1338585049810292738 7
1338585049772351488 18
1338585049629769729 16
1338585047838945283 8
1338585047746695171 12
1338585041153257473 12
1338585028582912003 20
1338585027987300356 10
1338585020013883395 21
1338585011486912513 17
1338585001793908737 11
1338584999751192578 14
1338584996639084544 32
1338584995036864512 3
1338584993908609033 22
1338584992222490626 11
1338584988023918594 2
1338584983976505349 7
1338584980444864513 6
1338584980134518785 12
1338584964120588288 18
1338584960425480192 8
1338584958152138752 5
1338584957569048577 8
1338584955648094209 18
1338584954813472770 13
1338584951172763650 2
1338584946466844672 7
1338584945435013122 19
1338584944357089280 19
1338584942318657536 27
1338584942037577729 20
1338584939378446339 4
1338584934215266312 9
1338584933892313091 10
1338584921955332104 7
1338584921263271936 5
1338584904502632448 12
1338584901759741952 5
1338584899440300032 5
1338584897871638542 13
1338584896218918912 13
1338584878439391232 14
1338584866389020673 5
1338584860735254533 21
1338584854489952257 9
1338584854053662720 19
1338584851537158145 17
1338584850564059136 23
1338584845098905611 15
1338584841739186176 12
1338584831890960388 19
1338584824349601792 18
1338584820126003201 12
1338584804598689799 7
1338584798231580673 8
1338584793513156610 24
1338584787716476928 6
1338584781584551946 17
1338584770427703296 10
1338584766577332225 14
1338584763934896129 9
1338584762043265026 11
1338584756099878919 19
1338584750869647368 24
1338584739964448777 11
1338584737523359744 6
1338584736420212741 16
1338584736252514320 21
1338584735619162112 29
1338584734142767108 9
1338584732439896073 9
1338584711560617997 5
1338584703205564417 12
1338584698096783360 11
1338584698046582785 22
1338584687325929473 17
1338584684104724485 4
1338584680791220235 18
1338584674709467145 7
1338584656892071940 10
1338584650944557057 7
1338584650730631168 10
1338584641951981570 15
1338584639041138693 3
1338584637292081152 17
1338584635572445189 21
1338584632808386563 13
1338584629360685058 10
1338584627192225796 3
1338584627188019208 8
1338584625673691136 4
1338584624335826946 30
1338584622301655053 5
1338584621626351619 11
1338584621269790721 13
1338584619504046083 14
1338584617427881984 18
1338584616135954434 15
1338584614072446978 15
1338584605432147968 13
1338584604052246529 9
1338584603066585090 24
1338584602621992964 8
1338584601896357889 9
1338584600981987335 7
1338584600252125185 13
1338584599644024833 11
1338584599274926081 19
1338584599170060299 24
1338584597429415942 8
1338584592261939200 5
1338584587816013832 7
1338584586708791297 6
1338584585081327616 7
1338584584573906948 8
1338584576097136642 8
1338584573416976385 7
1338584569239531521 10
1338584568874536967 23
1338584566903304194 14
1338584565569495048 12
1338584565531729920 7
1338584564885839873 11
1338584562734084099 24
1338584558963486722 6
1338584558774722560 6
1338584558342709249 21
1338584556648112129 27
1338584556090380290 8
1338584555452833793 19
1338584552244195328 20
1338584547391311876 13
1338584546653003776 23
1338584546594308096 13
1338584546531364864 6
1338584546502209539 11
1338584546477023237 11
1338584546451759105 8
1338584546401538055 7
1338584546359402496 15
1338584546313441290 16
1338584542685388813 7
1338584541301272577 21
1338584540537712640 8
1338584534430982144 18
1338584532400955398 12
1338584531763343361 17
1338584530425417732 13
1338584522112249865 7
1338584501149192192 11
1338584490084605953 16
1338584483684093953 4
1338584479473000451 4
1338584474842382337 5
1338584473613578243 2
1338584466021896196 6
1338584464931180544 21
1338584463870144524 7
1338584463383654402 22
1338584461911453697 23
1338584461731127296 7
1338584460493692928 3
1338584460334301185 15
1338584445918597124 12
1338584442567319553 6
1338584434908524544 15
1338584430806503433 9
1338584430521278464 9
1338584429212667911 9
1338584420803080194 7
1338584406500515840 6
1338584403283468292 15
1338584389744287753 14
1338584388943036418 21
1338584387546443782 21
1338584386053222401 21
1338584381078777857 11
1338584373155729409 8
1338584362670022659 5
1338584360698732544 15
1338584356647030784 6
1338584356382793735 9
1338584349453791239 22
1338584348715413504 4
1338584345045590017 14
1338584331720146944 19
1338584330638155779 9
1338584329128185870 6
1338584324589965327 12
1338584320987033601 23
1338584312753610759 21
1338584308219572229 7
1338584302255267841 7
1338584298899841024 17
1338584295091429389 20
1338584294973911046 6
1338584293778616320 19
1338584292151222273 9
1338584283905142788 6
1338584269262893059 10
1338584259750195200 15
1338584253894971394 12
1338584253827837953 6
1338584244042551301 7
1338584241534341121 9
1338584240934580224 10
1338584232470441985 27
1338584221963718656 7
1338584221795938308 16
1338584215093469185 31
1338584213885493258 9
1338584213319163904 7
1338584210618126337 2
1338584203718504450 22
1338584199184396288 15
1338584198240669705 20
1338584193219981312 9
1338584188862214145 16
1338584188656766976 8
1338584177332121609 3
1338584175482441728 4
1338584174849093634 11
1338584172156358658 9
1338584171749511168 7
1338584171510423552 8
1338584169019027457 19
1338584166938669061 12
1338584164665356288 13
1338584143869972480 8
1338584141584076801 7
1338584139210108929 16
1338584132348223489 39
1338584123817021441 10
1338584122776760320 5
1338584122457993216 12
1338584118842560513 12
1338584114522431488 9
1338584112089665542 19
1338584104472879104 5
1338584098844143616 15
1338584092330385410 18
1338584082939305990 15
1338584071677546504 2
1338584067764260867 2
1338584054090801152 19
1338584052023046144 19
1338584050714468353 29
1338584045912006657 15
1338584037091385348 9
1338584029998821379 9
1338584016203767814 12
1338584009757106177 1
1338584007202713603 4
1338584004031897600 21
1338584003427917833 11
1338584002349977601 3
1338583985572753413 9
1338583977830047746 13
1338583975674179584 6
1338583961396711424 9
1338583956611092487 4
1338583956418125826 11
1338583940936949760 10
1338583938818854913 21
1338583935161405440 9
1338583932623855616 6
1338583929939431428 9
1338583914856804353 17
1338583914689032193 6
1338583912780541957 21
1338583909739737092 8
1338583908389150720 17
1338583904018698241 16
1338583885026906114 14
1338583882141143040 7
1338583881176510466 18
1338583875753283585 12
1338583865879891970 24
1338583864978132993 24
1338583863673511937 4
1338583862755069952 13
1338583861937188864 25
1338583861253435392 19
1338583860779642881 15
1338583860230172674 13
1338583852332232706 17
1338583851803799565 18
1338583845243916289 19
1338583844665106432 6
1338583830517735426 6
1338583827351040001 2
1338583816491970562 13
1338583812675170306 4
1338583803799998465 13
1338583803200155650 16
1338583801564422144 6
1338583800578789378 6
1338583795033837568 10
1338583791510515712 7
1338583788910211077 13
1338583788130013186 14
1338583785248583683 5
1338583784040574979 7
1338583777346527232 20
1338583764239339522 5
1338583762599350274 11
1338583759571070981 14
1338583758459424769 16
1338583753858428929 28
1338583750536536069 9
1338583738045915139 11
1338583737781514240 8
1338583733545431040 14
1338583733113393152 14
1338583731519565826 7
1338583728524828677 23
1338583714033524736 23
1338583703954579459 9
1338583703304495105 9
1338583697826656258 6
1338583696820023299 6
1338583688704126981 18
1338583684270657539 19
1338583677475856385 12
1338583669649371139 11
1338583664867893248 13
1338583661352988685 11
1338583660283514887 10
1338583660115730435 18
1338583659159433226 25
1338583657217482753 16
1338583645850902528 8
1338583634211721217 15
1338583628629090310 5
1338583621356163075 16
1338583616583069697 8
1338583609696018436 12
1338583606747394049 2
1338583594315501570 7
1338583593300471808 5
1338583592562085888 9
1338583592205766659 4
1338583591660490754 9
1338583588716109825 19
1338583588644777984 10
1338583578049998848 3
1338583570034593800 4
1338583569611034629 9
1338583569489391619 4
1338583567396450306 10
1338583565903294467 9
1338583565123072008 12
1338583564791779328 3
1338583564649033728 19
1338583561318801408 6
1338583554121478146 8
1338583553391665160 30
1338583552544415745 3
1338583547041488904 8
1338583544596221955 9
1338583543371374592 24
1338583541173657600 17
1338583539802136581 12
1338583536710938625 15
1338583534433288192 6
1338583533636423680 7
1338583530562007041 11
1338583525738622979 6
1338583523226230787 7
1338583523087749120 15
1338583523020648454 8
1338583506562199554 5
1338583506042155009 14
1338583503299080194 9
1338583502179069952 28
1338583498127532034 15
1338583497435385856 9
1338583492645576706 6
1338583490091233281 24
1338583488421900289 10
1338583481698430983 6
1338583475486679043 8
1338583467546832897 9
1338583463524528132 10
1338583453982478340 6
1338583451512025090 9
1338583449372930050 8
1338583437293330434 24
1338583431173845024 18
1338583430049783813 6
1338583429953282048 17
1338583428694990852 4
1338583426203586568 3
1338583425477992450 11
1338583424769040384 9
1338583424571944963 3
1338583420033757189 9
1338583419647717376 19
1338583416707530754 8
1338583412840542208 5
1338583392187781127 8
1338583391172759566 18
1338583390958841864 11
1338583388505174018 18
1338583386814898177 12
1338583373246328836 5
1338583361766518784 5
1338583360755671049 7
1338583348608831490 11
1338583346859880449 10
1338583330468614152 10
1338583327444529152 4
1338583321937326081 22
1338583312693157889 8
1338583311237648393 20
1338583310528774145 15
1338583300605177857 22
1338583299732729857 20
1338583293193715712 17
1338583291436429317 8
1338583288412192770 10
1338583288357789698 17
1338583288349339652 19
1338583277469220864 8
1338583263380697088 3
1338583254698487808 2
1338583251921866753 12
1338583247224250371 16
1338583246313930752 6
1338583244707680257 5
1338583237669621761 9
1338583235748655106 7
1338583229260058631 13
1338583228265996291 7
1338583217117540353 10
1338583208640835585 8
1338583201858678784 20
1338583199677607938 13
1338583197710307328 11
1338583197400100864 3
1338583194510254081 18
1338583192245334022 6
1338583179028992000 11
1338583178257154048 7
1338583172225912835 7
1338583169407258626 5
1338583165179465729 7
1338583162784538627 3
1338583158292361216 15
1338583157273194498 12
1338583154425286658 5
1338583151799578627 7
1338583142987337729 12
1338583138960879622 8
1338583133558632454 11
1338583128663859200 4
1338583120908603398 13
1338583120132661256 22
1338583115523125255 19
1338583114344509448 21
1338583094161534984 6
