1338619850567061505 15
1338619848876830721 11
1338619848159596545 20
1338619844330221568 10
1338619834981027841 7
1338619833093681156 17
1338619830757453824 5
1338619830270832642 15
1338619827813019648 21
1338619814269620225 2
1338619801376333824 16
1338619794690543620 17
1338619794006786049 10
1338619793151205377 8
1338619789577773057 6
1338619787644121089 10
1338619785639243776 19
1338619785047728128 18
1338619784808697856 19
1338619784464723968 18
1338619784028549120 11
1338619783718252544 20
1338619783231787009 11
1338619783089172481 18
1338619782866718720 21
1338619782778810372 16
1338619782602649600 16
1338619782590058503 9
1338619782543773696 9
1338619782355103745 17
1338619782258544641 21
1338619782015291393 18
1338619781964996608 8
1338619781872668673 16
1338619781734301698 9
1338619781625233409 20
1338619781579063296 16
1338619781142941698 17
1338619781138804737 9
1338619780924923907 8
1338619780824264708 16
1338619780731834369 10
1338619780635488256 8
1338619780497076225 25
1338619780329320448 7
1338619780270473217 13
1338619780241166336 25
1338619780123783168 8
1338619779830132739 10
1338619779628855296 6
1338619779595317254 22
1338619779289145344 9
1338619778869563393 22
1338619778647277569 12
1338619778609651712 14
1338619778517372930 20
1338619776353099776 18
1338619752994975746 8
1338619752399450114 12
1338619750893711360 10
1338619744203763717 5
1338619742505082882 13
1338619740026236938 9
1338619738046537731 12
1338619731289530370 6
1338619723530035204 9
1338619716471033859 14
1338619712876519427 12
1338619711601381379 15
1338619707830784003 24
1338619706488594433 8
1338619702323671047 15
1338619690894102529 14
1338619682329296898 22
1338619675165544449 8
1338619674855084037 5
1338619673039003651 6
1338619672640557057 5
1338619670895669251 6
1338619668848734208 8
1338619665887735810 10
1338619658652569602 10
1338619653149614081 22
1338619652268756994 6
1338619647474585600 8
1338619646417788934 26
1338619644299649029 8
1338619643154542592 12
1338619642605170689 18
1338619642370269186 6
1338619637156732936 14
1338619633474146310 8
1338619621373571073 13
1338619595956097025 19
1338619595603709952 5
1338619590985834496 17
1338619590151200768 6
1338619574544117764 20
1338619569003499523 8
1338619551903338496 6
1338619544877871107 20
1338619535503527942 14
1338619527161114629 9
1338619526519394305 3
1338619521972711431 16
1338619518352936960 11
1338619518076088322 27
1338619512342654985 6
1338619488145534980 9
1338619480864382978 15
1338619469422333954 7
1338619460907896833 11
1338619459666370561 19
1338619457648857091 20
1338619452322148352 11
1338619440041238528 6
1338619435985342470 5
1338619430193033220 2
1338619428305571843 21
1338619423079411712 2
1338619400979697665 22
1338619385653719042 6
1338619385074900993 29
1338619384751861760 17
1338619381069254665 12
1338619377982312449 6
1338619367395889152 8
1338619361070882823 5
1338619360898920449 18
1338619355077160960 8
1338619353567285248 14
1338619343685476353 14
1338619335636639746 7
1338619334491582468 6
1338619332461465602 5
1338619320168013825 24
1338619316825190401 8
1338619307756904450 7
1338619305664122880 9
1338619303109795841 11
1338619301805305856 20
1338619288127754240 7
1338619285854445569 25
1338619283878928386 9
1338619283329470467 2
1338619275330785280 15
1338619272306757637 15
1338619272147439617 7
1338619270448754696 26
1338619269433745408 14
1338619262622195716 10
1338619261863026689 15
1338619261393178624 3
1338619258805358603 13
1338619258553688065 13
1338619258096521218 4
1338619221769646083 3
1338619210466013186 8
1338619199040737280 27
1338619198772289537 7
1338619196998037505 9
1338619189112807424 10
1338619184742359040 6
1338619158829780992 5
1338619157601021963 14
1338619155919024128 10
1338619155399004160 19
1338619150781079552 9
1338619143222939654 12
1338619142077898753 2
1338619137443172352 2
1338619134117089285 4
1338619123304198147 24
1338619108804407296 11
1338619104861810689 14
1338619096938795008 10
1338619094111842306 2
1338619093486870535 12
1338619090991161345 11
1338619088336252931 13
1338619086176182277 14
1338619077598740480 7
1338619074142756866 5
1338619072578260992 17
1338619068002299906 6
1338619055910105089 3
1338619051002695687 4
1338619050382008324 23
1338619043444649990 16
1338619035878121473 25
1338619032220565505 7
1338619011676983305 15
1338619001916829696 17
1338618994224455682 16
1338618989006741504 11
1338618986330779648 4
1338618979275866114 17
1338618978835587072 3
1338618971508051971 5
1338618950909825031 5
1338618950402228224 13
1338618942651293697 19
1338618938859507713 14
1338618932081659904 18
1338618925198659585 23
1338618920983547906 7
1338618917862973440 7
1338618907591110658 14
1338618901509394435 4
1338618900263686148 18
1338618881703878656 5
1338618880512700419 13
1338618877253537793 16
1338618876205150211 5
1338618871083905026 13
1338618866872758277 12
1338618865778089985 8
1338618863936823296 7
1338618863039229959 6
1338618839639080960 6
1338618833268039682 7
1338618830365597706 6
1338618824900423680 8
1338618824464211971 13
1338618818248249349 9
1338618817350610950 13
1338618816528588800 20
1338618810321039364 19
1338618810140651520 6
1338618795812925441 15
1338618793292132356 6
1338618784958001153 4
1338618783519436801 18
1338618773201440768 15
1338618772006039557 9
1338618765022466048 10
1338618762703081479 6
1338618761310507012 24
1338618756415680514 19
1338618748089995265 2
1338618726955028487 18
1338618726690803714 9
1338618717694025732 5
1338618715638788097 8
1338618711427739648 13
1338618709607374852 9
1338618694583382016 19
1338618694482714628 3
1338618686777782272 6
1338618682772230153 19
1338618681836769280 22
1338618676665315330 19
1338618672907169793 4
1338618671351140355 23
1338618663616835585 21
1338618649091969025 22
1338618647875641347 13
1338618647099678733 12
1338618640422346752 14
1338618639696670722 6
1338618638295855106 19
1338618634894274560 14
1338618629047410688 4
1338618612496670720 13
1338618604330364928 6
1338618603403436041 11
1338618593970413568 15
1338618586676535301 13
1338618585955131395 24
1338618584780722176 23
1338618576987623430 12
1338618567726657538 14
1338618564241207301 8
1338618563561746434 19
1338618551607898115 15
1338618542850248704 3
1338618538685239304 12
1338618538161008640 9
1338618536609124354 22
1338618533740126209 14
1338618532507111425 9
1338618529151672331 8
1338618528505745412 2
1338618527213826049 9
1338618524093263878 16
1338618523439013891 5
1338618521266376706 30
1338618519743762437 13
1338618515285217281 4
1338618513645330439 14
1338618512991023104 13
1338618511770456064 17
1338618511724322817 7
1338618507987193858 26
1338618498109624320 17
1338618493739134978 18
1338618490568237060 27
1338618486990532609 8
1338618481676206081 13
1338618481273520128 22
1338618477775556608 22
1338618463141720064 20
1338618461921140737 14
1338618460360896514 3
1338618460222476296 13
1338618457340989442 14
1338618446863601667 17
1338618446557351943 23
1338618446268030978 10
1338618445638799360 25
1338618445584281600 11
1338618445475287044 10
1338618435316674562 9
1338618434368786432 7
1338618432292589570 6
1338618422058508289 18
1338618413757952000 8
1338618408103981056 5
1338618406652751877 20
1338618399593820165 4
1338618398905864193 8
1338618397454700545 7
1338618396515192840 15
1338618395412008962 10
1338618385161211905 6
1338618383189872644 3
1338618380559986688 13
1338618364806225921 9
1338618350507872257 21
1338618346288320513 11
1338618345835388939 15
1338618339082592263 10
1338618327216893953 9
1338618322389176325 13
1338618309386887172 16
1338618309143490561 18
1338618301837172742 25
1338618299958091777 14
1338618293981208580 8
1338618287207428101 5
1338618282711060484 9
1338618276864118785 16
1338618274926501889 14
1338618273538170880 21
1338618268781723649 12
1338618268676808704 20
1338618265053048833 24
1338618260284174339 9
1338618259671822344 16
1338618255427198976 7
1338618251438387202 14
1338618241032351744 3
1338618236145967106 12
1338618233193107457 5
1338618233063137287 9
1338618230794031104 24
1338618223173001221 15
1338618222858432512 12
1338618220077584384 4
1338618216030101508 14
1338618212947210241 11
1338618204609007618 4
1338618202511839233 5
1338618194299416584 10
1338618186246344705 15
1338618181603061761 14
1338618176813346817 7
1338618173843759104 9
1338618169200574465 12
1338618162724691968 14
1338618147520307203 8
1338618141526663171 9
1338618137454014470 8
1338618135323287552 17
1338618127299514374 11
1338618105191419907 17
1338618098010775552 7
1338618095171231751 12
1338618094944653313 15
1338618085159350274 9
1338618081443196930 13
1338618078909902848 14
1338618071846703107 10
1338618062564716553 3
1338618062010978305 14
1338618054318706688 7
1338618052716486656 21
1338618052670263302 5
1338618044084596737 24
1338618040909488139 5
1338618036903792640 7
1338618031254220800 9
1338618030926999553 6
1338618028427079681 6
1338618027600973832 12
1338618025260568582 10
1338618022941102081 14
1338618017006022656 7
1338617993924915200 14
1338617989202055180 9
1338617966783553547 7
1338617958688550912 2
1338617957895778309 2
1338617946306977794 14
1338617936643284992 10
1338617923603206145 14
1338617918393905152 24
1338617907371257856 20
1338617902472290304 6
1338617901939494912 7
1338617899699695618 8
1338617897099399169 9
1338617896856121348 11
1338617892141580289 16
1338617880414445568 6
1338617876010373123 16
1338617867634429952 10
1338617864245415937 7
1338617861502275587 15
1338617846407045122 9
1338617838765023236 19
1338617837359931392 20
1338617835862564865 4
1338617831102025730 16
1338617829306880000 21
1338617826517651457 18
1338617825590718470 15
1338617814668767234 5
1338617813439819779 19
1338617811963351041 20
1338617800135495682 18
1338617799284035589 15
1338617793588195335 4
1338617791985889282 14
1338617790845100032 10
1338617786038439937 8
1338617784549462016 9
1338617780971720704 16
1338617770246868992 18
1338617758079135745 3
1338617757110243328 11
1338617755629711360 24
1338617751712239617 10
1338617746213523456 13
1338617745550635008 11
1338617742774185984 10
1338617740190429192 24
1338617736046522368 4
1338617731114029061 6
1338617730468093961 4
1338617726093418496 16
1338617719646728193 12
1338617716949852162 6
1338617714097741827 25
1338617708481540096 22
1338617700604469251 15
1338617688348913664 13
1338617686415302656 10
1338617682732740610 7
1338617680681725953 10
1338617677787656203 21
1338617667666710530 7
1338617665578016768 13
1338617665510924301 18
1338617651770388483 7
1338617645839626242 14
1338617645600530433 9
1338617640756137984 10
1338617634976370688 20
1338617630719176710 10
1338617629939019777 9
1338617629523709952 14
1338617623274262532 15
1338617623169347584 8
1338617614696927233 8
1338617611538587652 21
1338617608195739652 6
1338617599580659712 6
1338617591351418890 18
1338617587102576642 6
1338617587035496448 8
1338617579645046785 7
1338617578202214400 10
1338617575576637441 20
1338617563509649408 3
1338617551803183108 5
1338617542684905472 7
1338617538427703296 18
1338617525488259074 15
1338617525240811521 25
1338617504881651713 17
1338617498371952641 13
1338617496295923714 5
1338617494559395844 6
1338617493510819845 10
1338617484279119873 4
1338617483889168387 6
1338617482274369548 9
1338617462791794691 6
1338617459528577025 4
1338617436002803721 15
1338617431112249344 23
1338617429019275264 17
1338617419212988416 12
1338617416650289152 5
1338617413663862785 4
1338617412703358978 2
1338617408471240704 25
1338617399139053569 5
1338617398568607744 10
1338617396559548417 19
1338617395494215681 23
1338617384479969283 21
1338617377580322816 12
1338617369619476481 9
1338617367484620802 14
1338617358068424719 5
1338617355266650113 6
1338617328511180800 9
1338617327387111424 6
1338617316091768832 15
1338617312375693312 10
1338617304553316352 9
1338617291165097991 30
1338617288019341313 11
1338617281488818185 6
1338617273448341505 9
1338617271045009408 21
1338617270449344516 15
1338617266687127554 7
1338617265495879682 22
1338617262563938304 6
1338617262278922247 19
1338617262215819264 25
1338617262102605825 3
1338617262098567169 7
1338617262001963009 16
1338617261960126471 16
1338617259267395586 6
1338617252141293568 4
1338617250547441664 7
1338617234005094404 22
1338617217840246784 9
1338617209438998545 5
1338617203604774915 9
1338617199066554370 26
1338617194553483267 8
1338617190707310592 12
1338617179462361091 8
1338617170696269832 4
1338617170511720451 12
1338617170507550727 10
1338617170037653504 7
1338617169400242178 13
1338617168754339842 24
1338617167466655746 4
1338617163742126081 23
1338617154602737666 27
1338617153835184128 9
1338617143479267330 10
1338617136177098757 5
1338617134658637824 17
1338617134121951232 12
1338617128635822080 14
1338617108637343745 8
1338617105881640963 11
1338617103952252933 30
1338617098009014274 12
1338617095429492738 19
1338617081420525570 10
1338617077179899905 5
1338617071635226629 3
1338617070548889600 14
1338617061703036930 15
1338617060922822656 6
1338617053398192128 6
1338617052668583939 6
1338617030434557957 15
1338617025342676999 14
1338617024910659584 14
1338617008867463168 8
1338617007655116804 16
1338617003498729475 7
1338617001703563265 30
1338616994900357122 25
1338616984536276996 10
1338616978278395904 6
1338616978249048064 8
1338616967037677574 19
1338616957310889984 6
1338616951791292419 5
1338616916915728385 11
1338616914457874432 14
1338616913447047169 7
1338616907302400001 13
1338616900524404736 5
1338616889631621123 15
1338616887429705731 4
1338616887350091782 7
1338616883545780225 11
1338616873273929728 15
1338616864948314115 8
1338616864084283393 6
1338616863954259968 13
1338616860934352897 14
1338616859596382210 13
1338616858736529408 4
1338616856551239680 18
1338616844769517569 21
1338616843163086854 5
1338616835479117824 13
1338616833746882562 9
1338616831632945158 7
1338616826746564608 21
1338616826092249090 18
1338616826062901251 11
1338616825530241031 10
1338616818496380932 16
1338616817854664705 20
1338616813744238595 11
1338616801417175041 6
1338616796266553355 20
1338616789249499138 9
1338616784245678083 12
1338616782559567877 16
1338616777727741952 9
1338616771159449602 17
1338616770911989760 7
1338616766315028481 9
1338616760061358081 21
1338616752465330177 18
1338616751760809984 10
1338616747906228226 18
1338616742642380800 18
1338616739127578625 9
1338616736015405063 9
1338616726481760263 21
1338616724598427649 10
1338616716755169284 9
1338616715555573760 3
1338616715341672451 9
1338616714079166466 9
1338616711113822209 21
1338616708316192773 17
1338616691241127936 8
1338616687587946498 24
1338616687415980033 5
1338616686962937868 21
1338616680881205254 17
1338616677362245632 2
1338616666100469760 23
1338616662782828547 22
1338616660681482240 6
1338616658991198210 3
1338616649759526917 9
1338616648979394563 7
1338616647003893768 21
1338616638992756744 15
1338616637545734146 17
1338616630725718021 4
1338616624232935430 5
1338616623146676225 14
1338616616741986314 4
1338616614355427328 14
1338616613877264389 14
1338616613868695552 7
1338616613529120771 8
1338616611826241536 24
1338616602116419598 13
1338616594524680196 11
1338616592805081089 7
1338616589130850306 11
1338616584621985794 7
1338616568901668866 5
1338616562924859393 22
1338616559762362371 24
1338616559699431426 15
1338616548345450496 9
1338616541638762497 8
1338616540065886209 8
1338616537423417344 20
1338616537192812546 7
1338616536173568010 11
1338616531845062656 9
1338616531069054978 7
1338616528422498304 5
1338616520268713985 18
1338616515134976001 22
1338616513918590977 8
1338616507786555392 18
1338616506188353537 3
1338616497892167681 4
1338616491298742273 10
1338616490963165184 8
1338616488555651075 22
1338616487863529472 17
1338616479940571141 3
1338616478149595136 24
1338616476417335296 19
1338616469500948482 18
1338616462165073923 9
1338616461678444544 16
1338616452270714884 27
1338616438161076228 7
1338616436537876481 20
1338616425687228426 13
1338616412219334660 15
1338616411627917314 9
1338616409216126979 3
1338616404547780609 14
1338616398231310340 19
1338616396243234817 8
1338616386822709248 7
1338616376051838981 5
1338616367323418624 6
1338616366522306560 23
1338616357412352000 9
1338616353058643968 19
1338616349694758914 7
1338616343139008513 31
1338616339540430850 16
1338616338995097600 4
1338616337602654209 11
1338616337535545345 11
1338616333769060352 21
1338616327238512645 8
1338616326013808649 7
1338616321324539911 15
1338616306535444481 10
1338616306212409344 18
1338616296410390530 7
1338616296041230342 20
1338616293746995200 8
1338616284049715201 3
1338616272943104000 3
1338616269109669888 16
1338616266957983744 25
1338616266337251329 10
1338616265921990662 7
1338616262633664512 7
1338616255578857473 4
1338616254794493961 1
1338616250491166721 4
1338616247446102019 24
1338616243058720768 12
1338616224108990469 3
1338616219541385218 10
1338616214822809602 19
1338616207189086211 18
1338616195046584322 9
1338616193813532672 9
1338616192567808008 9
1338616178114256898 10
1338616171474669571 7
1338616169390092289 13
1338616163589365761 17
1338616154395447296 11
1338616149609762817 7
1338616148590465025 4
1338616145725825028 9
1338616145298010113 11
1338616136657760256 3
1338616135298723840 12
1338616118420893697 21
1338616114864152582 8
1338616109201846273 17
1338616107461128198 11
1338616106538430464 4
1338616104965423107 11
1338616093234049024 9
1338616093011832833 12
1338616092957163520 19
1338616090361008129 3
1338616089790603264 4
1338616076691775495 19
1338616073583734786 13
1338616047239368707 10
1338616045490348035 10
1338616044282327040 9
1338616037424640001 17
1338616035394670593 7
1338616035197521927 26
1338616033809231875 22
1338616032307646464 10
1338616030718005248 11
1338616029962973185 6
1338616022258102275 9
1338616020429377536 21
1338616015089856513 6
1338616014255370240 10
1338616011952680969 5
1338616011491340289 9
1338616011449397250 18
1338616010828550144 11
1338616009700372481 17
1338616005350879237 6
1338616004054695937 11
1338616003903836161 3
1338616003803099136 25
1338616003798786052 21
1338616003790454786 19
1338616003786387457 10
1338616003782189061 15
1338616003773665280 18
1338616003618607106 20
1338615989861294085 4
1338615988900814857 23
1338615982814875648 19
1338615971599298563 9
1338615965987303426 2
1338615963604881411 3
1338615938401390596 12
1338615937457598464 15
1338615927903035395 24
1338615924492910592 14
1338615921921896453 14
1338615919468273666 14
1338615911146790915 9
1338615901206302724 7
1338615900451246080 14
1338615890028490757 4
1338615889764233217 8
1338615888287657985 9
1338615886702399498 8
1338615865315635200 15
1338615863273000961 21
1338615841022205953 11
1338615822483398662 4
1338615819237003264 26
1338615815147581443 19
1338615810496061456 7
1338615809481039878 19
1338615802149396486 8
1338615794406711305 5
1338615793936977920 6
1338615789792976897 15
1338615784449470464 19
1338615773745586178 6
1338615773196152832 7
1338615766049038337 7
1338615765864501252 9
1338615760923529219 22
1338615756158881792 19
1338615753910722561 22
1338615745786286080 12
1338615743835992066 11
1338615727172050949 8
1338615726127648770 7
1338615722797391875 5
1338615722201804800 10
1338615718091304961 6
1338615707781697536 25
1338615705416196099 6
1338615702933082114 20
1338615698290069506 8
1338615691767926787 17
1338615690018902019 14
1338615689322651651 13
1338615678308257792 5
1338615675758239744 5
1338615671580745729 6
1338615661556281344 6
1338615654061121536 15
1338615653817790465 27
1338615652031078404 9
1338615651930427394 22
1338615641415311360 17
1338615639846641665 4
1338615631411892227 16
1338615618103349249 15
1338615616102666241 8
1338615610843025409 13
1338615605335756800 7
1338615575493414912 15
1338615569965322247 2
1338615569474609153 24
1338615567775756289 11
1338615566064562182 13
1338615564630171651 8
1338615557483077635 18
1338615548138164225 21
1338615545277673473 8
1338615538285748224 4
1338615532703133698 22
1338615528752025602 23
1338615526776401920 8
1338615526453628930 9
1338615524276772867 8
1338615521814716419 18
1338615520388653068 17
1338615511815372800 7
1338615509751914498 14
1338615503955357697 11
1338615502734831616 6
1338615492701982723 23
1338615488172216322 22
1338615484930019329 12
1338615473051676679 9
1338615471034216448 7
1338615465862701058 8
1338615464054775815 21
1338615461135708161 22
1338615456362541057 9
1338615455112683526 9
1338615453812404228 9
1338615440638173185 18
1338615436863221761 13
1338615434350833664 13
1338615433717493763 18
1338615430383067137 5
1338615422413905921 10
1338615420220284931 7
1338615416705396736 20
1338615414369161222 9
1338615403019456516 14
1338615401383653376 13
1338615396895764481 17
1338615381116809216 9
1338615368953290752 13
1338615360266891267 12
1338615358853423106 16
1338615357515444226 11
1338615351764987905 25
1338615342088785921 11
1338615331372326914 7
1338615316344139778 6
1338615314804772865 11
1338615310237241348 21
1338615307192201217 24
1338615283720867841 8
1338615283301240835 10
1338615282248638464 19
1338615279648202754 13
1338615278532505600 6
1338615277886509057 6
1338615274468204544 7
1338615266872356864 7
1338615261574914053 8
1338615258567491585 9
1338615257904910338 2
1338615256147505153 14
1338615252548726786 20
1338615251894341632 4
1338615251839881221 5
1338615248815874049 19
1338615246609592322 18
1338615245452025860 10
1338615240913772548 9
1338615238883729408 11
1338615238384607239 10
1338615237709271046 15
1338615235960254471 9
1338615233993125889 8
1338615229379383300 14
1338615219640295431 17
1338615212748967937 23
1338615212270735360 12
1338615209062227970 16
1338615205266329601 5
1338615202347163655 7
1338615201646645249 4
1338615201537675266 10
1338615201294381061 21
1338615192075309058 8
1338615187138600972 15
1338615180834574338 9
1338615151851950082 5
1338615138677448704 8
1338615138329350144 5
1338615136106532864 7
1338615132096643076 16
1338615124874170370 10
1338615115281805322 11
1338615109640462336 5
1338615108822511616 6
1338615102539444229 6
1338615097787359234 13
1338615097099493381 20
1338615096944304131 8
1338615096742998020 4
1338615096621359106 10
1338615081714802694 20
1338615080976588800 8
1338615078485192705 14
1338615072369893379 4
1338615070188843015 19
1338615067479134208 4
1338615065772167169 15
1338615049859059712 25
1338615046969167875 3
1338615043357892610 14
1338615041508184064 9
1338615040027594752 16
1338615038228180993 10
1338615036101742597 4
1338615035841695751 13
1338615030095482882 17
1338615028891738121 17
1338615021715169280 6
1338615018640773122 8
