1338624986165161986 19
1338624983371833347 9
1338624965621534723 8
1338624964774211586 16
1338624953797672960 20
1338624927268802568 19
1338624925712576513 24
1338624919190593536 10
1338624918355927040 6
1338624913217826818 7
1338624911384993797 12
1338624907274555397 7
1338624902987993090 14
1338624900039405571 21
1338624898151960578 9
1338624890799190016 5
1338624890623074304 20
1338624883513823232 8
1338624877440471042 13
1338624872914817024 6
1338624870721187840 22
1338624861648850948 20
1338624856523345920 17
1338624856041156609 10
1338624844309487616 8
1338624831827357698 6
1338624826727157765 23
1338624826446127104 17
1338624825988960256 16
1338624823359119363 18
1338624823262654466 10
1338624823187152896 5
1338624822805471233 5
1338624821203243010 12
1338624821194797064 7
1338624820620255235 17
1338624816698503169 8
1338624815968657408 31
1338624815876493313 9
1338624812210524161 15
1338624812009349124 15
1338624811992551426 9
1338624811979837440 14
1338624811845750784 10
1338624811828977673 8
1338624811778490368 11
1338624811745079298 13
1338624791461425152 10
1338624791226494976 18
1338624783232196609 22
1338624782732984320 8
1338624774201896961 10
1338624771748147200 17
1338624769109929993 10
1338624767738470403 5
1338624753599385600 19
1338624752202690563 16
1338624742337679363 6
1338624724461621251 3
1338624722385457159 17
1338624716236414976 6
1338624712595795968 10
1338624705796993026 9
1338624696099672068 19
1338624695399231492 22
1338624682539487232 6
1338624677057601537 10
1338624674003996672 5
1338624665615540224 16
1338624665015758849 7
1338624658929823746 2
1338624656761294850 5
1338624646074277892 10
1338624641032724485 6
1338624639937941505 5
1338624637400457218 11
1338624630366629890 8
1338624620665188352 16
1338624616844156929 9
1338624616420478983 13
1338624614897954818 14
1338624609055338497 19
1338624602252013569 18
1338624600456871938 5
1338624597546192896 6
1338624595948134400 21
1338624594853376011 12
1338624590776504322 22
1338624586716499969 8
1338624581775585280 34
1338624567980552200 7
1338624562750164995 23
1338624553929625601 4
1338624540017127424 8
1338624536493895680 18
1338624530785464322 6
1338624525819371522 8
1338624521096585219 4
1338624501559554048 2
1338624495498768384 18
1338624484186730497 13
1338624481464561665 23
1338624481078566912 8
1338624475575816194 11
1338624468097306624 9
1338624457456447493 8
1338624443904561156 5
1338624440863756294 6
1338624438389133317 7
1338624436937895936 8
1338624436853989379 7
1338624436031905797 14
1338624433058144259 19
1338624428461191171 16
1338624425952997381 11
1338624424375881728 5
1338624419313430529 22
1338624419065946112 26
1338624413323898883 7
1338624407183519744 5
1338624402246733827 6
1338624393526849536 15
1338624389823213570 16
1338624378804822016 20
1338624373595451394 18
1338624354997956612 15
1338624339399340034 5
1338624337713098753 11
1338624328427073541 13
1338624326485094401 17
1338624321024094208 9
1338624309422538752 17
1338624309368139777 19
1338624301998682113 22
1338624295581462529 15
1338624294272851974 19
1338624294016970752 4
1338624289210314758 13
1338624286085537792 10
1338624286014238724 3
1338624284042858497 8
1338624280251265025 23
1338624279169163267 5
1338624276547702785 8
1338624273984970760 14
1338624260391243778 6
1338624259405524995 5
1338624256297590784 6
1338624236865409025 10
1338624229407924234 12
1338624221560311809 13
1338624220192858113 5
1338624213280829444 16
1338624212219650051 14
1338624203906543616 18
1338624203151601669 10
1338624196574932997 2
1338624184696582145 9
1338624162433277959 13
1338624160948494339 4
1338624157882445832 6
1338624152480210944 2
1338624139003895809 8
1338624124567117828 3
1338624115532566531 5
1338624114383347713 14
1338624109903630337 13
1338624109270413312 19
1338624100252651520 24
1338624096037376003 18
1338624086579277824 3
1338624085635571712 6
1338624084012363776 10
1338624081768280065 12
1338624077020491777 2
1338624075888013313 5
1338624071047782400 22
1338624067792826369 7
1338624067339911168 7
1338624066077536260 6
1338624063984570369 4
1338624059177906182 13
1338624031965102080 11
1338624023463407616 9
1338624021009731584 10
1338624001829183490 13
1338623999291625474 13
1338623972808794114 15
1338623957726081026 20
1338623955729588228 15
1338623953141686275 9
1338623949673009153 8
1338623947496099841 5
1338623938369351680 23
1338623932707069952 12
1338623931373260803 5
1338623926889566211 15
1338623915674001409 5
1338623906194788358 18
1338623895906250752 9
1338623894111084544 6
1338623892089352192 21
1338623881125486605 8
1338623877455507457 12
1338623874427129860 9
1338623864457216001 25
1338623858346233857 7
1338623854458130432 4
1338623852784603137 17
1338623847692689412 12
1338623840096841735 7
1338623819276279808 19
1338623818609405960 22
1338623818596802560 15
1338623818219331596 10
1338623810900172800 4
1338623806647267328 8
1338623806211055617 23
1338623805074386945 19
1338623792835252224 10
1338623789551251457 5
1338623784744529925 12
1338623778583179274 5
1338623777995952128 7
1338623772455219201 8
1338623766197362692 3
1338623763894689796 10
1338623762615463936 23
1338623752096141316 12
1338623744521199620 6
1338623742780579841 14
1338623741052510210 8
1338623740914126849 16
1338623733351780353 10
1338623722907963394 16
1338623722824081408 8
1338623716528369667 6
1338623713776955394 4
1338623711667236864 16
1338623704901640193 4
1338623702527774720 4
1338623696718737414 7
1338623686019047426 10
1338623681849942018 11
1338623677143855119 25
1338623675067736064 7
1338623668629417986 9
1338623664770719749 11
1338623663550164993 8
1338623662837149696 23
1338623661155229697 11
1338623659934674945 8
1338623659355811844 16
1338623652808495110 28
1338623652309430273 8
1338623650522685441 13
1338623637260275712 22
1338623636345933826 22
1338623632751423491 4
1338623624559857674 19
1338623621451931648 9
1338623614497779719 10
1338623612673265664 19
1338623605530300418 4
1338623595015233538 14
1338623586173640706 5
1338623584839888896 9
1338623583816462336 9
1338623576983752705 7
1338623570847690758 21
1338623567945211906 7
1338623567437721602 11
1338623566208663554 6
1338623564698685472 8
1338623563394387974 7
1338623561485996032 8
1338623560630358020 10
1338623557547462657 6
1338623553546010624 14
1338623553521016835 16
1338623553508356102 12
1338623553403555841 13
1338623552220762117 20
1338623549855174657 5
1338623545472131073 8
1338623542242516994 3
1338623530158747655 2
1338623520004304899 17
1338623507270410241 12
1338623505739476992 9
1338623496100974594 9
1338623470750617601 8
1338623468351463426 5
1338623467504201729 21
1338623466682134534 3
1338623449560965126 6
1338623448566947845 3
1338623444964020227 8
1338623434792693760 5
1338623431735209986 12
1338623425959616512 11
1338623417176698882 12
1338623416987910144 10
1338623408205156354 23
1338623405743026178 9
1338623403792736259 17
1338623400328171522 9
1338623388206723073 11
1338623384914190336 7
1338623382984724486 13
1338623379708981248 7
1338623377691512840 20
1338623351577841664 8
1338623332598632448 23
1338623331990441985 2
1338623316530257921 7
1338623314105757702 8
1338623312784666628 15
1338623312042319872 6
1338623311035580417 9
1338623306665226243 7
1338623305524400130 7
1338623303649517575 12
1338623300663119881 7
1338623297500704775 18
1338623289212727296 5
1338623287526645761 5
1338623284175392770 21
1338623279498608640 5
1338623272943050756 7
1338623258791464961 8
1338623247114510337 23
1338623244904116224 5
1338623227921358851 16
1338623224377184256 7
1338623223311831040 15
1338623221629939713 19
1338623220644274181 13
1338623212884725760 19
1338623208090718208 4
1338623207927115777 5
1338623197638500353 6
1338623192441778176 20
1338623192089456641 6
1338623180316045312 14
1338623175018549248 5
1338623174607577089 6
1338623156718727168 5
1338623149756264448 16
1338623148405747712 6
1338623128088371200 6
1338623124741320706 18
1338623123890065412 7
1338623122631766017 7
1338623121771933700 13
1338623121331511297 4
1338623118915432450 12
1338623103241424898 10
1338623101408604160 17
1338623097419800576 21
1338623090268450824 19
1338623084874625024 7
1338623067199705088 5
1338623065605898241 3
1338623051835928576 8
1338623051416694784 12
1338623050808500224 15
1338623045381087234 21
1338623042432368642 20
1338623038267469824 8
1338623035000184833 21
1338623024912683009 16
1338623020374642689 6
1338623016838848513 12
1338623005879119874 9
1338622999453446144 27
1338622991798857731 19
1338622983179538433 3
1338622983150202880 25
1338622982617509889 9
1338622981560557569 13
1338622975466147841 11
1338622935599296512 7
1338622918973067265 13
1338622915764490241 16
1338622915424579585 13
1338622915122769924 3
1338622911385636865 9
1338622901373825025 22
1338622892897169413 27
1338622888723800066 3
1338622885494185985 3
1338622863193071617 6
1338622854523457543 18
1338622853302857731 23
1338622851725881345 3
1338622833967198215 6
1338622833677774850 8
1338622828237602818 12
1338622815277289474 11
1338622813503156224 12
1338622810718154752 7
1338622809522667520 8
1338622801264205825 7
1338622799036997639 9
1338622798462332928 12
1338622793966112768 6
1338622786542112771 12
1338622785439010818 12
1338622777763516416 12
1338622774521171970 13
1338622768762531843 16
1338622761024020482 16
1338622749565128704 19
1338622749087068161 11
1338622748298534916 12
1338622741600215040 11
1338622734792790019 18
1338622726915977218 23
1338622718019821570 12
1338622699757731842 13
1338622697668894721 6
1338622693940334592 10
1338622687405617154 14
1338622684347961344 9
1338622677225975812 18
1338622670448037888 7
1338622660062932993 10
1338622649178714115 9
1338622648646062082 26
1338622648222412800 6
1338622647752667137 4
1338622638357352448 23
1338622636797124610 6
1338622635379470337 10
1338622634796445698 18
1338622591968407558 24
1338622588101201922 8
1338622585001619458 4
1338622577154002944 26
1338622574968836097 17
1338622562251714565 5
1338622553808572416 9
1338622539074072577 10
1338622539011125250 23
1338622533332037633 10
1338622527636168709 11
1338622526046482436 4
1338622519276941316 21
1338622518719082496 12
1338622513044197381 10
1338622512465383425 12
1338622496942284800 13
1338622490633965568 23
1338622487832252420 8
1338622487232466944 7
1338622484573261827 5
1338622481972817920 10
1338622478667698176 10
1338622478285987840 23
1338622468672663553 3
1338622462553190401 15
1338622453107535872 10
1338622450754596865 4
1338622444060487684 19
1338622435596316672 2
1338622430840053764 11
1338622416969367552 26
1338622409625260032 16
1338622408706695172 5
1338622408455032835 4
1338622408425607171 24
1338622403598045191 17
1338622396450926592 6
1338622392806100994 16
1338622376838361088 18
1338622374309224448 5
1338622368206426113 15
1338622365455020032 3
1338622360790982660 11
1338622342923169792 19
1338622319175081987 15
1338622317895815170 16
1338622315932889091 16
1338622314586357761 19
1338622311319150593 8
1338622310757117957 11
1338622309943418880 9
1338622303488385031 22
1338622302313992199 4
1338622299365277697 12
1338622295510839296 10
1338622295242260480 9
1338622294202183682 12
1338622291379412993 13
1338622291161341952 25
1338622284509159424 25
1338622281636077571 14
1338622272328830982 4
1338622271649361920 9
1338622270365978624 3
1338622192448401408 4
1338622192133656577 23
1338622183745200131 5
1338622174781976579 7
1338622174282788866 10
1338622168729604097 2
1338622167148351493 24
1338622142708129795 23
1338622136857088001 26
1338622130402058242 7
1338622122898370561 25
1338622119496871936 17
1338622102224703490 8
1338622097514434563 16
1338622097422245888 13
1338622092414246913 10
1338622088123387906 10
1338622084709232640 12
1338622072499691520 3
1338622071514017793 3
1338622068200534017 11
1338622064459182080 16
1338622051632857088 6
1338622045119246339 6
1338622041491173377 8
1338622040388067328 9
1338622024005148678 13
1338622023828901888 20
1338622022251851776 13
1338622021979271170 21
1338622021480062976 8
1338622015876501504 28
1338622009786441731 7
1338622009455030274 10
1338622009337581569 23
1338621987900567554 11
1338621985031589892 11
1338621979948158977 2
1338621968577249280 8
1338621968082460678 22
1338621965779804162 3
1338621964286644227 7
1338621962608898048 8
1338621944636219392 3
1338621943201869833 4
1338621929100627969 9
1338621924163907587 11
1338621922305863682 11
1338621921211142156 6
1338621915909517316 5
1338621912214368256 5
1338621912063352834 10
1338621908451987456 20
1338621898956173313 29
1338621898297643014 6
1338621896720490496 17
1338621896250765322 4
1338621881449132041 14
1338621880740286465 11
1338621877904924673 16
1338621866215415808 12
1338621864655130624 8
1338621862658584578 8
1338621862402723844 8
1338621860888653824 18
1338621854961991682 5
1338621849840836614 27
1338621843658305536 22
1338621843025047552 13
1338621839367696386 18
1338621837605916672 9
1338621829292945412 17
1338621823466971136 21
1338621819344084994 13
1338621802801733636 6
1338621799442083840 5
1338621799068819460 4
1338621791758118919 6
1338621778181181442 9
1338621776222449670 3
1338621770933432321 17
1338621766692954119 4
1338621758300188676 21
1338621755351502848 17
1338621753363296256 11
1338621748862984196 8
1338621745331367937 12
1338621741476798471 21
1338621722925412352 10
1338621721566441475 7
1338621708014661632 16
1338621696937504771 21
1338621693171003392 22
1338621686388764672 5
1338621678562193410 7
1338621664611999745 3
1338621663232086018 13
1338621657733337088 9
1338621650108100609 5
1338621640716906500 9
1338621632395546627 23
1338621626464735239 10
1338621625504325632 12
1338621621322608642 6
1338621621322584067 7
1338621619179302918 20
1338621613491822594 10
1338621613315674116 8
1338621604675407873 7
1338621598664957953 25
1338621591945527296 6
1338621590171496452 13
1338621583603208192 10
1338621582210699264 8
1338621580386197506 2
1338621580168060933 26
1338621574207971333 19
1338621564556816387 6
1338621556109479936 14
1338621553248882688 11
1338621550589861889 18
1338621549046362112 17
1338621548408803330 15
1338621543925096450 22
1338621543815938048 10
1338621532030046211 10
1338621522471161857 19
1338621501600231424 8
1338621487708835840 9
1338621484999307272 25
1338621476635873281 9
1338621475247501329 21
1338621471674019840 10
1338621471493562368 22
1338621469664960514 9
1338621465911037954 5
1338621465638289408 10
1338621451973390336 9
1338621431219957767 6
1338621427759583233 7
1338621423347146752 26
1338621423342870528 18
1338621420583182341 16
1338621400614137861 13
1338621396335915011 11
1338621390761713665 10
1338621386051493894 10
1338621384222797824 4
1338621379193745411 6
1338621378120052741 12
1338621369148444673 15
1338621360638144515 9
1338621357911896065 13
1338621348407631872 6
1338621336004882432 7
1338621335036157955 7
1338621329566822401 3
1338621329419984898 5
1338621326269894657 8
1338621322826571784 9
1338621315813679108 12
1338621311887704064 4
1338621304967221253 4
1338621296452775936 15
1338621290744340486 4
1338621288646987776 9
1338621288600883201 10
1338621287346958337 16
1338621287170764806 3
1338621284968632320 9
1338621282406064132 21
1338621274885648384 6
1338621274839425024 19
1338621273149222912 18
1338621268795547650 15
1338621266841001984 22
1338621259819737089 6
1338621259102482433 11
1338621258481741827 8
1338621244539875328 19
1338621238378377219 7
1338621232913076224 6
1338621231768154116 8
1338621228526034945 21
1338621220552642560 23
1338621217612423176 8
1338621215905370113 15
1338621209244741638 1
1338621208552681483 1
1338621191318351877 19
1338621177359704071 5
1338621172431327240 16
1338621171252801538 28
1338621168786391040 19
1338621163942141954 4
1338621159139586050 20
1338621148771348482 8
1338621147483660289 17
1338621141552947200 20
1338621141548724228 3
1338621138465861633 7
1338621132782653441 8
1338621129121034246 5
1338621120346529795 23
1338621117796388865 3
1338621115615375360 9
1338621111374913543 22
1338621107725885442 6
1338621101446991879 27
1338621099567878145 25
1338621099538608128 17
1338621086297165827 4
1338621081528258561 13
1338621078168604677 24
1338621075006107649 7
1338621072611094530 7
1338621061047455744 15
1338621058501533702 20
1338621053384396800 20
1338621050515456000 8
1338621047340457986 12
1338621045474025472 22
1338621043431321600 19
1338621037181693953 17
1338621036775006209 15
1338621017678286850 7
1338621017388888069 10
1338621014796881920 28
1338621013492453376 13
1338621009054806017 19
1338621001760972803 4
1338621000926306304 14
1338620992911011840 10
1338620988498567170 18
1338620972920926209 12
1338620960333762562 23
1338620956302999558 20
1338620950514966529 5
1338620947520253959 6
1338620933393805313 5
1338620926666170372 20
1338620923742744578 8
1338620920567656449 2
1338620920005599239 14
1338620903853346816 3
1338620879253753858 12
1338620877626195968 7
1338620875994767365 3
1338620874749042693 23
1338620849763573760 14
1338620829291196420 18
1338620827969990662 18
1338620826753654784 14
1338620822500610051 3
1338620811880566791 2
1338620810244857859 14
1338620805689774083 18
1338620801055141888 8
1338620800161738752 22
1338620798223831041 4
1338620796651102209 7
1338620793685741569 16
1338620782310793216 14
1338620777483087878 18
1338620763499270151 13
1338620751201570817 5
1338620747426766849 15
1338620747116388360 5
1338620745707032577 4
1338620745484791813 23
1338620744423665670 10
1338620736571920390 9
1338620734449577984 7
1338620731622633478 7
1338620730024611849 23
1338620729034731525 6
1338620722550337538 5
1338620717982740482 11
1338620716015517697 23
1338620715189346310 16
1338620713763266567 20
1338620710818811906 9
1338620703197827079 12
1338620701851459584 13
1338620698194038787 8
1338620686558965762 8
1338620683488784384 22
1338620672147329026 8
1338620664991903749 18
1338620656246722560 6
1338620639645732866 14
1338620638488109062 5
1338620635862487040 4
1338620634776137733 15
1338620630573469698 8
1338620629969465350 12
1338620623090749441 8
1338620620150550530 18
1338620616639979521 23
1338620616199454720 26
1338620594171076611 7
1338620592002650112 4
1338620589557354503 25
1338620585740480512 6
1338620582393483265 14
1338620579893669894 6
1338620569407823872 31
1338620562843848717 16
1338620545403785216 6
1338620542765604866 18
1338620534263848960 5
1338620534024704001 19
1338620526781149187 9
1338620524545630210 23
1338620520296837123 8
1338620518493278212 13
1338620512952573958 19
1338620511908139010 6
1338620507407650818 23
1338620505444782084 10
1338620505352527876 10
1338620494732537857 10
1338620494325690370 4
1338620485983219715 16
1338620483013644289 10
1338620480731877376 7
1338620475103174660 8
1338620474461450241 13
1338620468727869440 3
1338620467419242496 23
1338620460813197318 15
1338620445696741380 4
1338620431973146628 12
1338620425635553282 4
1338620420044406785 8
1338620418232639489 18
1338620416085069828 4
1338620413635649542 13
1338620410166976513 7
1338620407960756224 23
1338620404877824000 25
1338620378055401474 6
1338620371667456004 13
1338620364126085121 18
1338620356475703304 9
1338620356064653312 16
1338620332454924291 4
1338620331582427138 8
1338620327723720704 23
1338620327316885506 10
1338620324590456833 9
1338620322615095299 12
1338620311776870401 4
1338620299684745218 20
1338620296476176386 15
1338620294215458823 14
1338620293712121856 10
1338620292617428994 8
1338620291375894528 6
1338620290247647233 9
1338620286011383808 22
1338620282458738701 19
1338620282316206083 10
1338620282215395328 16
1338620280726581250 19
1338620278411235329 10
1338620276079292418 9
1338620274921644042 4
1338620272702853124 6
1338620272543473665 6
1338620270559580160 18
1338620266004549639 21
1338620259142676480 10
1338620246102568961 11
1338620246031290378 12
1338620236862517251 5
1338620233582571523 6
1338620228331327493 16
1338620222496968709 16
1338620220722847747 10
1338620213785456646 20
1338620213726744576 23
1338620206093115393 19
1338620195942920195 12
1338620192377741315 17
1338620185712996353 8
1338620185465458690 10
1338620177475375111 12
1338620174690205697 7
1338620173801152516 12
1338620172991672322 17
1338620170231836672 17
1338620169476861960 3
1338620168272891906 8
1338620162791137286 3
1338620161021063169 22
1338620158848405506 8
1338620147351883782 24
1338620125113708545 7
1338620117828165632 16
1338620116246929412 17
1338620114111959045 17
1338620111440269313 7
1338620109389258766 8
1338620108038692869 8
1338620099092230153 8
1338620098664423424 9
1338620098052042752 24
1338620097481633800 10
1338620096558870529 8
1338620096407867400 27
1338620095669673992 9
1338620095078133762 12
1338620093262082050 19
1338620090913271808 21
1338620085829820421 18
1338620085183909889 13
1338620080041693188 21
1338620075285356552 6
1338620074094186500 22
1338620071539838982 11
1338620065571287048 8
1338620058873057280 3
1338620046134956033 16
1338620046072012803 11
1338620044943691783 25
1338620043568050179 8
1338620043379101696 4
1338620040552337408 5
1338620036320276486 14
1338620033120022530 13
1338620032780300290 15
1338620028330061826 16
1338620027101208576 5
1338620024492339201 8
1338620022067965955 6
1338620021434671104 8
1338620019090071552 6
1338620017986899973 5
1338620014677647361 12
1338620008956452864 14
1338620007253741570 7
1338620002887471107 26
1338619994473549824 3
1338619992066158594 4
1338619991067856901 8
1338619990795292672 10
1338619990044499968 8
1338619989306249216 13
1338619989092392963 18
1338619987515346945 19
1338619985846005760 7
1338619984705097728 9
1338619982662537218 15
1338619974433312771 11
1338619964652220418 24
1338619962764779520 12
1338619955399495682 8
1338619952220221447 23
1338619945610076163 17
1338619944154652673 15
1338619940702625792 8
1338619933824077832 12
1338619932389552128 5
1338619931538169858 9
1338619930107899907 7
1338619921840951302 20
1338619920205172738 14
1338619917831008256 20
1338619915549384706 6
1338619913683001345 6
1338619909480321027 9
1338619908477816841 5
1338619904203874306 8
1338619903654313985 9
1338619903406977028 5
1338619903230824449 6
1338619903159508993 5
1338619898138931202 24
1338619896842899458 8
1338619890127822849 3
1338619889041494019 33
1338619887195918336 11
1338619885979656192 4
1338619885656698888 12
1338619885656666115 12
1338619883618242568 3
1338619882565464067 12
1338619880166322189 11
1338619879734321153 17
1338619879239331841 13
1338619877502881793 9
1338619877133836292 27
1338619870255194112 13
1338619864685178888 8
1338619862734802953 10
1338619857894592513 14
1338619857185746945 11
1338619855289921537 19
