1338565784839315458 16
1338565784461844480 10
1338565768011800580 14
1338565759644147718 6
1338565752375422976 6
1338565738282573831 12
1338565736604835841 9
1338565736034349058 16
1338565733698048000 16
1338565729050894337 31
1338565726718844929 10
1338565725015977986 16
1338565724864978947 24
1338565713351634946 4
1338565712173035528 10
1338565707563405319 21
1338565706632343558 9
1338565703260049431 13
1338565703117496323 18
1338565699430658049 9
1338565698352713728 20
1338565697576767493 28
1338565695114711046 7
1338565693885853696 16
1338565692497530880 9
1338565686902349826 13
1338565685392396290 18
1338565684633108480 7
1338565682032766977 4
1338565681667854343 10
1338565672180142080 16
1338565672163545090 18
1338565672071094272 6
1338565664420794372 18
1338565653196922880 22
1338565652399919108 15
1338565649409466372 17
1338565642295767041 4
1338565639468949506 7
1338565638596554752 6
1338565636579090449 9
1338565634939031566 14
1338565631931797505 22
1338565631856152576 5
1338565621387300864 7
1338565620313546754 6
1338565618635857925 24
1338565617553694724 14
1338565617323024386 11
1338565616085635073 14
1338565610633125891 6
1338565608749805576 9
1338565608556912641 7
1338565606333964289 10
1338565602584256515 19
1338565596661903361 4
1338565596196315136 8
1338565590252986372 7
1338565589510496257 17
1338565583416274948 17
1338565582552260608 11
1338565579163234304 15
1338565578689277952 6
1338565570824990722 11
1338565563182886914 21
1338565558627938310 7
1338565543562010625 10
1338565537429905410 22
1338565531474026498 13
1338565528173113348 22
1338565514088607748 26
1338565507121885184 7
1338565502910816260 18
1338565500268392448 3
1338565498510794752 21
1338565484673953793 10
1338565477606547458 17
1338565477107458049 7
1338565476834832384 7
1338565476235022337 7
1338565474959941632 4
1338565470811795459 8
1338565467703799812 32
1338565467187908608 6
1338565463442399233 21
1338565458354708489 20
1338565453116010496 10
1338565452902101003 16
1338565441988464645 11
1338565441548148737 6
1338565439413231616 11
1338565438624718855 4
1338565434799497217 11
1338565431792201732 19
1338565430550671360 8
1338565426368929793 8
1338565421369331713 18
1338565420329050113 21
1338565412733276161 18
1338565412095713281 17
1338565402801156097 22
1338565398350983173 16
1338565397075931136 13
1338565390084042756 18
1338565388649582599 7
1338565386334310402 7
1338565383566012419 5
1338565383356252161 33
1338565366637682688 9
1338565360136593409 18
1338565359339712514 8
1338565358714806289 21
1338565356630253568 12
1338565351102009345 5
1338565351022481409 21
1338565341857914889 20
1338565335151239170 4
1338565329736364034 20
1338565328842973185 11
1338565311390502913 9
1338565309129625600 7
1338565301429002242 14
1338565299608584192 4
1338565294470651905 11
1338565290716782593 20
1338565282814681090 9
1338565281745154050 5
1338565275541762048 9
1338565273121656833 4
1338565265525796874 19
1338565261616672768 7
1338565258982645761 4
1338565255757242368 15
1338565255480401922 23
1338565254977089536 13
1338565251827179520 10
1338565251130789888 7
1338565244092870666 20
1338565240275959809 9
1338565236740284416 20
1338565235943370752 20
1338565218713165824 11
1338565203848519681 9
1338565189549977601 20
1338565185963954178 3
1338565181153034240 8
1338565177675935744 10
1338565175767658507 12
1338565170474475522 13
1338565168767315973 16
1338565168054329352 20
1338565157329506309 2
1338565153521012739 12
1338565150849327105 20
1338565150769549312 16
1338565149855191042 12
1338565148462764034 20
1338565147263168518 18
1338565140220874753 25
1338565139776335872 6
1338565137574326277 23
1338565131463258114 13
1338565125905772545 7
1338565117148073984 25
1338565110886002688 9
1338565107727683585 20
1338565091336343557 7
1338565090790936576 18
1338565089377611781 21
1338565089222340609 16
1338565074840154112 13
1338565063762878464 33
1338565063729442821 21
1338565062231949312 21
1338565057500811267 4
1338565055114260481 12
1338565050659983362 4
1338565050538340352 8
1338565049305214976 10
1338565035073921027 11
1338565027243184128 20
1338565025494142984 21
1338565007492194305 13
1338565006611374080 8
1338565001192169472 24
1338564997702684678 10
1338564986877128704 10
1338564982078844932 12
1338564958863417344 7
1338564958167044098 20
1338564948780142592 19
1338564948046262272 10
1338564945529761792 9
1338564944279826434 7
1338564942761512962 9
1338564942379802630 11
1338564941155102720 7
1338564933966028801 9
1338564932955148291 9
1338564931063443457 9
1338564928261656576 7
1338564918275170306 10
1338564917197119488 27
1338564917109002240 6
1338564917079707649 6
1338564915787862018 3
1338564914575761412 17
1338564907755659264 9
1338564897169420289 10
1338564883063988233 30
1338564882883555335 17
1338564879268110340 18
1338564879054147586 4
1338564878139858948 8
1338564873710612480 7
1338564859168886784 2
1338564858988683265 12
1338564853208780800 6
1338564845701107715 9
1338564842706378754 14
1338564841712349195 18
1338564825744613380 10
1338564817997590529 3
1338564816743649281 19
1338564815762165765 14
1338564814109601793 8
1338564812914233344 3
1338564810678689796 16
1338564807184830464 21
1338564804462530560 21
1338564790864777217 23
1338564783671570441 21
1338564779376447489 8
1338564762381262851 7
1338564751341867010 8
1338564738784047107 9
1338564738322665493 8
1338564732823998466 15
1338564724527689731 21
1338564723755913216 5
1338564722778583043 5
1338564711701499904 14
1338564711533654023 7
1338564708459290625 13
1338564703501619202 10
1338564698179039234 11
1338564692789387265 9
1338564688397864965 9
1338564685138948100 12
1338564683624820739 4
1338564683515760645 6
1338564682941083655 7
1338564679275335686 10
1338564674867048452 7
1338564670114963460 13
1338564665534787584 7
1338564665513713664 11
1338564665425743877 16
1338564664163176456 3
1338564662779113479 11
1338564642357071873 18
1338564640029216768 5
1338564635931381762 8
1338564635176394754 19
1338564634643750915 10
1338564620664119298 6
1338564620420743170 2
1338564619732979714 18
1338564608961994755 17
1338564606533365761 16
1338564598321049605 19
1338564597536722953 9
1338564590217678858 8
1338564586149179394 9
1338564583561322498 6
1338564577613795329 6
1338564566200975360 18
1338564555484618755 20
1338564550849945603 16
1338564549377630208 6
1338564547364450307 20
1338564545925718016 10
1338564541932843008 6
1338564540028645376 4
1338564539814645760 11
1338564537243537410 12
1338564537038102530 6
1338564514946670593 9
1338564512878878725 17
1338564508130873344 22
1338564508093194242 2
1338564495204114432 10
1338564495057297409 18
1338564487096512516 6
1338564482830921742 13
1338564472168968202 4
1338564466863116293 4
1338564464644395008 4
1338564463402786816 12
1338564462614360065 17
1338564460995358720 24
1338564460886233091 19
1338564456666832896 14
1338564453793751048 27
1338564445203820545 9
1338564442527854594 8
1338564440355049473 20
1338564436479668230 15
1338564436202647552 7
1338564435728887810 10
1338564431979147271 18
1338564429898780679 6
1338564429756194818 8
1338564428011335683 19
1338564427331874820 7
1338564423129034753 5
1338564422512627713 8
1338564421480800266 23
1338564420490899456 4
1338564420218351620 15
1338564420151242753 20
1338564417475244032 8
1338564414212083712 12
1338564414124007425 6
1338564414123991045 17
1338564414014885894 9
1338564413943554052 8
1338564413855567873 7
1338564413851226113 12
1338564413838671872 24
1338564413750538240 9
1338564404468703234 5
1338564401507360769 11
1338564399913717766 7
1338564396004614144 16
1338564395606142976 1
1338564390518468609 14
1338564390388428800 4
1338564390006743040 9
1338564380536021001 10
1338564379722338306 10
1338564379227381771 20
1338564376094109696 12
1338564373917257729 14
1338564365537189891 4
1338564365365211137 10
1338564356066455553 22
1338564347635888132 2
1338564342212669441 7
1338564340702699520 6
1338564340417433600 12
1338564327197057024 14
1338564324902756352 18
1338564314794516482 7
1338564313485881350 27
1338564313456533505 11
1338564312026275841 3
1338564310411448326 11
1338564310277230592 4
1338564309668990977 13
1338564299732738050 15
1338564297371361282 6
1338564284863848448 12
1338564280845807620 9
1338564276756344835 22
1338564275036676106 16
1338564274218790912 8
1338564263531565057 10
1338564255612891137 6
1338564249749221381 16
1338564238894370819 10
1338564233739575301 8
1338564230644183040 14
1338564227427151873 9
1338564224960901129 23
1338564221383094279 16
1338564220200239106 8
1338564219281809408 7
1338564214949076992 7
1338564213212672003 10
1338564211522367489 11
1338564203511246848 12
1338564203045658625 9
1338564199627145216 10
1338564196414464002 1
1338564195181342721 18
1338564190131400708 18
1338564189900693507 19
1338564188285902848 22
1338564188189446146 7
1338564177460391940 9
1338564174356623361 14
1338564172121067526 7
1338564169168203782 10
1338564166357897217 10
1338564166043529217 8
1338564163539410944 7
1338564162151038977 16
1338564159483555840 5
1338564154148446212 10
1338564151300546560 19
1338564148079325187 11
1338564135286681612 8
1338564135215370242 6
1338564130270302208 13
1338564127661428744 7
1338564118224105472 13
1338564113476296705 6
1338564089799438338 10
1338564086628544514 6
1338564080404103169 8
1338564079271747587 8
1338564078969651201 8
1338564074175688712 11
1338564068668366849 15
1338564067343151104 9
1338564064331649031 17
1338564056291151873 11
1338564054948909058 16
1338564050712662018 3
1338564046438719491 7
1338564041384529923 14
1338564039232860161 14
1338564026918301696 7
1338564011273695237 1
1338564009742766081 19
1338564007876321292 11
1338564005548466177 11
1338564002557923329 25
1338563998019592192 12
1338563996169940994 8
1338563992541929473 6
1338563985470271490 18
1338563982492381184 20
1338563982479806466 29
1338563966159695874 3
1338563957834084352 5
1338563954264707076 24
1338563949571280900 13
1338563945578319872 22
1338563944340971522 5
1338563943980290051 15
1338563934626983937 7
1338563932928299016 6
1338563928087961600 11
1338563924891987981 5
1338563924325752834 4
1338563924313116680 9
1338563924032155651 16
1338563919842070529 7
1338563913575788544 8
1338563911344263169 4
1338563910517997569 8
1338563910174208003 13
1338563907737284608 3
1338563907015815168 17
1338563903215767554 22
1338563901756215314 7
1338563900229480449 8
1338563888795815940 15
1338563883573932032 21
1338563882944753667 18
1338563879031500801 22
1338563875323715584 15
1338563869422342150 4
1338563861524385798 4
1338563858080935937 19
1338563856264810498 22
1338563850422116362 23
1338563847758749698 11
1338563845338652677 7
1338563842369052672 7
1338563841479892994 6
1338563840997535745 6
1338563837914734594 12
1338563834391519234 21
1338563832940285958 14
1338563832613048326 6
1338563828724936705 19
1338563823469539329 19
1338563822995595266 20
1338563822987210752 11
1338563820197965824 19
1338563816288874499 3
1338563812950151168 4
1338563812765667329 24
1338563799192907779 23
1338563797754114049 7
1338563789646651392 12
1338563785796296708 15
1338563784391188482 9
1338563784114319366 23
1338563770839347201 16
1338563767265857537 15
1338563760513032204 8
1338563759791628291 14
1338563758462001153 19
1338563756054482949 9
1338563751147167751 14
1338563750241202182 10
1338563745375805440 12
1338563744436109312 8
1338563741961629696 17
1338563740720111617 22
1338563739935780866 12
1338563735145893891 23
1338563726341967876 5
1338563718767063042 21
1338563708340105218 6
1338563706465247235 5
1338563703248195586 23
1338563696323403777 10
1338563695312433153 19
1338563689952104448 14
1338563686986821633 22
1338563679114178562 10
1338563674789711872 4
1338563673846005761 8
1338563668297076736 1
1338563659031785475 16
1338563655936471045 8
1338563655185682433 7
1338563648076173313 15
1338563644817367047 10
1338563630774751243 14
1338563630292459526 9
1338563627796877313 21
1338563626714599424 8
1338563616195416072 8
1338563605478977536 9
1338563602974961667 17
1338563591591489536 25
1338563569038860290 22
1338563566438330369 16
1338563561908539394 9
1338563558880260096 6
1338563555482800128 20
1338563546288885773 16
1338563533550850049 6
1338563530182823939 17
1338563517969027073 19
1338563516610056193 16
1338563515741851655 15
1338563511899856896 21
1338563502232002560 28
1338563498889056257 22
1338563487325446146 21
1338563485119209477 7
1338563483718332417 6
1338563482841706496 13
1338563479628865540 6
1338563477586120705 8
1338563472662130691 9
1338563470825025537 18
1338563453762605059 14
1338563451921297408 7
1338563447504711681 10
1338563439120306178 11
1338563436880539651 13
1338563426369593347 31
1338563423303389185 11
1338563421038505984 11
1338563420111712256 9
1338563419377635331 7
1338563417435729927 8
1338563412926877697 2
1338563412729733120 5
1338563411488083968 12
1338563410951360515 9
1338563408233455616 19
1338563407272800256 13
1338563403326124033 9
1338563397001089025 8
1338563396854222853 8
1338563389115813888 14
1338563387857510412 16
1338563383130546184 20
1338563380509102082 23
1338563375173955586 21
1338563372921597960 3
1338563370790731776 5
1338563361148182539 18
1338563359076216833 9
1338563350435913732 15
1338563347218882564 6
1338563340445085699 7
1338563326838792197 20
1338563325580333056 15
1338563317846183938 19
1338563317430882305 7
1338563305443651585 12
1338563294467125248 21
1338563293594652674 15
1338563293397577729 15
1338563286208397312 13
1338563280265154562 2
1338563279455571968 11
1338563273780842498 5
1338563264838590471 10
1338563257221738501 10
1338563254562549762 24
1338563250078748677 15
1338563238011822089 12
1338563236745113601 12
1338563236510261255 20
1338563235168055298 24
1338563234643795975 19
1338563232739495939 23
1338563230910836738 7
1338563229388247044 15
1338563228520116224 11
1338563227039526913 4
1338563226733322250 4
1338563223965102083 20
1338563212594319360 17
1338563208030851077 4
1338563206890086400 18
1338563204914548738 9
1338563201919758341 5
1338563196869861376 9
1338563191257829376 13
1338563186891476993 8
1338563186707062787 12
1338563181720035330 23
1338563181359271944 21
1338563177630617600 21
1338563173264334849 14
1338563172949745664 6
1338563172886786048 5
1338563170902958083 8
1338563170877792259 9
1338563168696586240 6
1338563165827837954 7
1338563164934467584 7
1338563162203959298 11
1338563159095959553 19
1338563158072504326 16
1338563157485367297 12
1338563155950247937 23
1338563155941679104 17
1338563155765710855 15
1338563155539144708 16
1338563155534913536 9
1338563155505651719 16
1338563155476193280 16
1338563151118286848 6
1338563150455726084 15
1338563146001354753 14
1338563133821100032 18
1338563124115496961 22
1338563109909377024 20
1338563109464715264 9
1338563098849013760 21
1338563098416910339 3
1338563096651177984 9
1338563082914832385 9
1338563082772226048 1
1338563076635963396 8
1338563076069715968 4
1338563073662136322 10
1338563070055100427 6
1338563067433676800 21
1338563055517659138 11
1338563052636168192 17
1338563045526802444 8
1338563042125242374 15
1338563041487675395 21
1338563023716446215 11
1338563008193200128 19
1338563002644230157 7
1338562998345084928 14
1338562988756885505 16
1338562979982413825 8
1338562975767138305 25
1338562973758066688 8
1338562973439242244 16
1338562960642502663 16
1338562944553144327 7
1338562942774767617 28
1338562942732824581 6
1338562939851317253 13
1338562936374239239 10
1338562912659574784 12
1338562907873927171 16
1338562902861746176 9
1338562897924984833 6
1338562896842862592 20
1338562894221504513 17
1338562887728685056 12
1338562875951034373 15
1338562871760998400 18
1338562867478589448 6
1338562852282638337 16
1338562840018513922 5
1338562826240200706 10
1338562816731717633 6
1338562812449329164 9
1338562810327027714 6
1338562809064550401 7
1338562805084147714 14
1338562796909457421 14
1338562791532335104 3
1338562790320173061 8
1338562784020271108 17
1338562781348564998 9
1338562780392251392 5
1338562777603067907 3
1338562775749177345 14
1338562772129488896 10
1338562771890257921 13
1338562770246176772 13
1338562768581038083 17
1338562750851796992 10
1338562748737867776 4
1338562746468741123 8
1338562745822814208 9
1338562744119910401 9
1338562730308087810 21
1338562730240995328 18
1338562725866246150 9
1338562716949237764 15
1338562715128836101 12
1338562713480474630 7
1338562684200095747 6
1338562671973691393 20
1338562669058600964 9
1338562668920143873 5
1338562665048764416 16
1338562663614451713 8
1338562658879070208 6
1338562655003373574 11
1338562651157389313 9
1338562645914509313 13
1338562632824053762 6
1338562624921985025 11
1338562619767201794 11
1338562619091922946 8
1338562614490660864 20
1338562604432826370 7
1338562595658342402 9
1338562590658719746 2
1338562587898892288 10
1338562587127115784 8
1338562584958676999 9
1338562583977226242 6
1338562569359933440 8
1338562563936825348 13
1338562560132452354 2
1338562558031253507 18
1338562557876056065 20
1338562557129469956 16
1338562552280866822 16
1338562551957819397 21
1338562551521669120 4
1338562540276772867 15
1338562529371561987 18
1338562527777710080 7
1338562526913630210 15
1338562508983046145 9
1338562507057876997 58
1338562505036210176 6
1338562502070767617 21
1338562495905230848 6
1338562491933020161 13
1338562490423275523 4
1338562487772356609 9
1338562487113945088 4
1338562485704646657 10
1338562464250814471 9
1338562460127817738 18
1338562456210255875 15
1338562453987340288 9
1338562450921312261 8
1338562447255482369 7
1338562444323680257 14
1338562443933528064 6
1338562438980120578 17
1338562436517875714 24
1338562435888930832 15
1338562430268567554 19
1338562420722307072 23
1338562413726113792 9
1338562409167020035 6
1338562400581156865 16
1338562397267746816 5
1338562397188087811 10
1338562382071812119 11
1338562381149057037 20
1338562380599582724 20
1338562373137870849 19
1338562371128848386 3
1338562369967026176 14
1338562369887211521 8
1338562362933084160 31
1338562359686811649 20
1338562357136592896 28
1338562352975929350 6
1338562350291554327 7
1338562346730606599 4
1338562343270281218 5
1338562333543686144 4
1338562316787474434 9
1338562314602164227 12
1338562310860902401 8
1338562306112954368 15
1338562301855674369 9
1338562278732537858 15
1338562276027150340 3
1338562264941596672 18
1338562264354394112 19
1338562252505559046 4
1338562245429694465 10
1338562241394864128 6
1338562231395561477 58
1338562230061850626 6
1338562227545190405 22
1338562220838559749 11
1338562220704354304 13
1338562217223053313 33
1338562216518422529 9
1338562206586171392 21
1338562203469934597 7
1338562203243454465 13
1338562199510401024 19
1338562197849583616 8
1338562174600540160 16
1338562170733334529 10
1338562170360111104 24
1338562167071764484 23
1338562166404866049 12
1338562164106342405 9
1338562150101610499 6
1338562147543113732 11
1338562147094290435 8
1338562135941656577 20
1338562134192627716 4
1338562108414435328 11
1338562101204365322 9
1338562091008073731 17
1338562089724547072 37
1338562082996965376 10
1338562079880589313 19
1338562079209508867 15
1338562076982251530 5
1338562067251523586 26
1338562066064547848 17
1338562062436405255 14
1338562061970903045 11
1338562060511309828 7
1338562055822069762 14
1338562046984671232 12
1338562038583484418 16
1338562037044174853 12
1338562036171563009 5
1338562023693619205 9
1338562023332999169 28
1338562021458145281 5
1338562021181313028 11
1338562016437555211 5
1338562014256517120 10
1338562008057180161 6
1338562000541032448 22
1338561999471587334 9
1338561987240894465 14
1338561986133635075 6
1338561966978248705 4
1338561963480190976 18
1338561963463483399 22
1338561960967856130 2
1338561957868220416 6
1338561953954889729 13
1338561946010984449 9
1338561945939529729 17
1338561944220020740 20
1338561940881371148 12
1338561932467421184 11
1338561927186964487 5
1338561927061102594 17
1338561922250248192 19
1338561918127239170 10
1338561917946916866 5
1338561917175148547 39
1338561917103779849 14
1338561914968961027 5
1338561914327212033 7
1338561913777573888 20
1338561912154566656 5
1338561909012959232 4
1338561908908167171 8
1338561902700605443 6
1338561900427218946 6
1338561897541423104 7
1338561897499508736 6
1338561897428176896 18
1338561897210253320 15
1338561897138974723 24
1338561895603769345 6
1338561893217292290 24
1338561893124849664 15
1338561891501826052 21
1338561876293107712 36
1338561874900774914 11
1338561874296758275 17
1338561865316786179 6
1338561861395107840 19
1338561858874339331 24
1338561856928157702 7
1338561850414403586 14
1338561846345936902 13
1338561834127912961 17
1338561833813348352 3
1338561832303398915 8
1338561830000730112 24
1338561821960142848 21
1338561812355305472 11
1338561811444973568 8
1338561802456731658 14
1338561799281577990 17
1338561795775197188 17
1338561794193887234 14
1338561786845532161 11
1338561783875989511 9
1338561783666110464 4
1338561778222030848 20
1338561777378836485 6
1338561772509417475 18
1338561767660773376 3
1338561758517219328 11
1338561755526664192 15
1338561752133496833 22
1338561749927202816 15
1338561742100717572 14
1338561737017204738 8
1338561720332275719 8
1338561716129386497 15
1338561714971942916 16
1338561709032808449 7
1338561707401224193 36
1338561697741737984 12
1338561692804984840 10
1338561678380834822 14
1338561675742621698 19
1338561672483631110 8
1338561669635723265 13
1338561668876480514 9
1338561667869896707 18
1338561666829565952 8
1338561661670744064 4
1338561659200278529 17
1338561658243969028 23
1338561655232487426 9
1338561653575733248 22
1338561645719719936 16
1338561645589643264 17
1338561645065498624 6
1338561640862801920 25
1338561636307709964 9
1338561632696406018 23
1338561632503549953 12
1338561623657689088 21
1338561623431258117 9
1338561622965620736 17
1338561622437146625 7
1338561608990208000 19
1338561602656858113 12
1338561596004700160 9
1338561584608718855 21
1338561574865399808 12
1338561567986683910 29
1338561564861992960 11
1338561563427389441 8
1338561554376224776 13
1338561553575108610 10
1338561551322804230 8
1338561540858011648 2
1338561533589278735 5
1338561528824385537 4
1338561519236374528 16
1338561511799787523 20
1338561507232247809 12
1338561500592615430 9
1338561500168871936 5
1338561494963920896 6
1338561492136955905 7
1338561487732961295 10
1338561483211419653 4
1338561473937805312 13
1338561473233252352 11
1338561469386985476 5
1338561448168087561 10
1338561445076852736 21
1338561444619694080 12
1338561439485845504 15
1338561436751179776 8
1338561435408998406 15
1338561430434566145 18
1338561429838901249 7
1338561422876430337 20
1338561422163390468 8
1338561414101872640 8
