1338557430972739587 13
1338557427315322881 4
1338557422156328960 8
1338557413809672192 19
1338557407526576132 8
1338557405987295233 10
1338557397103685632 14
1338557393215614976 8
1338557389432229893 4
1338557387964260359 21
1338557382641725442 7
1338557378644635648 7
1338557376882937858 8
1338557376262266887 3
1338557374727118848 4
1338557370318909442 7
1338557369668825091 8
1338557368611852289 5
1338557359485046790 3
1338557353797459968 21
1338557353201905665 8
1338557349607444481 8
1338557349389344774 23
1338557349158658052 13
1338557336089202690 4
1338557333794934794 19
1338557333367033857 12
1338557332029104130 9
1338557331324489729 12
1338557324299018243 5
1338557322294157313 3
1338557320419110914 13
1338557318108241920 8
1338557316405268480 5
1338557314534674439 14
1338557313175724032 5
1338557311988748295 5
1338557305135181825 17
1338557304686473217 32
1338557303436533763 17
1338557299548430340 16
1338557299179352069 13
1338557298403389449 21
1338557283568136196 13
1338557282054004740 9
1338557264991543298 3
1338557258989412352 9
1338557256791711744 11
1338557255550185472 18
1338557255415975942 5
1338557252475777034 8
1338557243910811650 18
1338557243197960193 24
1338557242572992514 11
1338557230954799106 7
1338557229931376640 18
1338557220414427138 8
1338557215477800966 7
1338557212692795397 8
1338557206799773696 23
1338557202106355726 7
1338557200625786881 16
1338557197073190915 17
1338557196142080004 10
1338557193742913537 15
1338557187333914625 18
1338557186113482754 14
1338557185182330887 17
1338557177775190018 8
1338557168023429121 7
1338557164961607682 18
1338557159571922954 7
1338557158644985856 9
1338557152454201346 19
1338557148050100231 5
1338557134569672715 20
1338557133164605442 21
1338557129355972608 5
1338557128370315264 4
1338557124771799043 8
1338557118652231681 9
1338557115774930945 20
1338557110041387010 3
1338557099941519363 3
1338557097366130688 23
1338557089086464000 25
1338557088830795776 7
1338557082790989828 8
1338557081796960263 11
1338557065409736706 12
1338557063090286593 23
1338557050771693568 7
1338557050033410051 7
1338557049072979969 18
1338557046363480067 7
1338557044509474817 2
1338557042747912195 4
1338557041657470976 5
1338557040705363970 12
1338557040327872512 7
1338557032400625672 8
1338557014964920321 22
1338557014629289984 7
1338557007805247490 16
1338557007591337987 4
1338557003803725824 29
1338557003384295425 8
1338557000549085186 17
1338556991535542273 16
1338556983457230849 17
1338556977899823105 2
1338556967548293125 18
1338556966860361729 8
1338556963383353347 4
1338556961814577155 19
1338556961583812609 3
1338556954084577280 13
1338556950699782153 21
1338556950007734275 7
1338556949097484289 17
1338556948627722241 7
1338556947155611656 12
1338556941874974729 14
1338556939039612929 13
1338556938561474561 21
1338556921029292034 11
1338556920500654080 15
1338556915656372225 17
1338556914150551563 10
1338556911290028040 15
1338556899663499265 8
1338556895397867520 18
1338556889148366861 17
1338556887646801920 8
1338556877819535364 18
1338556868831096836 24
1338556864439738368 12
1338556864179519489 6
1338556864070447104 19
1338556864066248705 19
1338556864057888768 12
1338556861151318024 20
1338556858894782464 6
1338556854075584513 16
1338556852817309697 8
1338556831015333891 17
1338556826774867969 18
1338556821112573952 5
1338556817098543106 11
1338556812543619075 16
1338556810756841473 4
1338556805719453696 10
1338556804595396608 16
1338556802879938565 15
1338556797645414407 7
1338556796554932225 14
1338556792503234562 10
1338556787209826304 16
1338556784659853313 13
1338556776560660480 10
1338556773108752384 10
1338556771598815236 7
1338556769233035264 11
1338556768612446216 13
1338556760530051076 9
1338556757186990082 7
1338556755408793600 20
1338556753299075074 12
1338556751835242497 6
1338556751667466244 26
1338556749662412800 12
1338556747276034049 20
1338556735292784640 14
1338556735062077440 16
1338556721921486854 16
1338556695375716357 9
1338556679588360192 8
1338556677574983683 5
1338556676585234433 11
1338556669358460928 21
1338556665046724614 13
1338556661489917955 8
1338556655005544448 3
1338556649406144512 16
1338556646793105408 8
1338556642804293632 10
1338556640174477325 4
1338556640082219011 6
1338556636181434370 25
1338556635518799873 6
1338556633090240512 10
1338556631068635137 10
1338556627067293698 20
1338556626131951617 13
1338556621476257793 9
1338556618141732864 16
1338556612319932416 7
1338556596578816002 9
1338556577700339714 4
1338556573241774081 3
1338556571073327107 7
1338556569055846408 9
1338556555864797201 6
1338556554602274817 13
1338556550114324482 29
1338556541130170368 3
1338556529411305479 9
1338556529268711425 11
1338556523920887812 15
1338556510012633090 22
1338556502882316292 19
1338556501171068932 20
1338556497748496393 4
1338556497580740610 8
1338556496615940097 2
1338556495919779840 25
1338556492732129280 6
1338556465485914113 15
1338556462948343810 3
1338556462646358016 5
1338556461765505030 17
1338556459743911939 8
1338556456363196416 6
1338556449463685123 22
1338556429658062854 3
1338556417150738441 5
1338556409361932288 21
1338556408019738625 18
1338556406367137793 7
1338556395449421825 23
1338556393838743553 18
1338556379129327622 12
1338556373185990659 12
1338556370455498757 7
1338556365904769031 5
1338556362134052869 21
1338556354970181632 8
1338556307410972673 19
1338556298665857024 3
1338556288016388101 8
1338556284614819841 8
1338556284354744321 8
1338556281691443200 5
1338556277132124166 10
1338556273374146572 4
1338556265082089473 8
1338556264289341441 8
1338556249479241730 22
1338556248309067776 23
1338556245716860929 7
1338556233159237639 15
1338556230286139392 9
1338556224007180304 15
1338556223436820483 8
1338556223122272265 21
1338556218600656896 9
1338556215908069377 13
1338556206953193476 8
1338556203891367936 11
1338556202339295232 5
1338556187349045253 4
1338556186854121473 15
1338556168944443399 5
1338556164443762688 7
1338556163617591304 25
1338556159947661314 7
1338556157850505227 5
1338556156906770441 21
1338556148161638401 5
1338556148128108547 12
1338556146093871106 7
1338556145569574913 14
1338556141916196864 5
1338556136803463176 18
1338556126519062530 11
1338556123582967815 8
1338556122219864067 22
1338556118818295828 19
1338556116423340033 11
1338556108491927555 25
1338556107493609475 14
1338556103978852352 5
1338556100577288199 6
1338556098857545728 8
1338556095837704193 10
1338556085582565388 22
1338556085574262784 12
1338556083757936640 6
1338556076925530112 4
1338556072882266118 23
1338556065399644163 15
1338556062996328450 16
1338556058147713025 5
1338556056394289154 23
1338556053521375232 3
1338556048429486080 10
1338556045099200513 16
1338556041529790468 7
1338556034592481285 8
1338556033464201218 9
1338556026887540737 5
1338556022571544584 4
1338556017811087371 2
1338556011838386179 15
1338555999410671621 11
1338555998781534216 11
1338555994952118278 20
1338555992217305088 19
1338555979819003909 9
1338555979433185281 12
1338555974836219910 8
1338555974479716354 7
1338555965587795968 11
1338555960256847872 8
1338555957337600003 14
1338555945052467205 14
1338555927310422016 16
1338555921371455490 11
1338555906062159872 24
1338555902224424962 12
1338555900953587712 9
1338555896213987329 17
1338555895223992320 17
1338555872797188105 14
1338555871866085379 10
1338555867952721920 18
1338555864786087938 11
1338555864702062593 19
1338555864534429698 12
1338555858129661953 16
1338555857685139460 15
1338555834725437441 10
1338555833974726664 14
1338555831512690699 8
1338555830271172611 14
1338555822062899200 33
1338555815981092865 16
1338555807797977088 8
1338555805906427906 9
1338555799187152900 7
1338555794640420864 7
1338555789137612805 19
1338555785647968258 5
1338555782426595328 8
1338555769306963974 9
1338555767662764033 17
1338555764223434755 8
1338555760943489024 2
1338555760171741187 4
1338555759546802177 10
1338555754438139912 23
1338555752890429443 7
1338555751611035649 19
1338555749430124544 23
1338555741335150593 20
1338555740898926592 7
1338555737027600385 8
1338555735764922369 6
1338555734661996544 19
1338555725036072967 8
1338555722062245890 4
1338555720900481024 11
1338555717532471296 8
1338555713346531329 18
1338555708246286337 7
1338555693796896769 3
1338555689816354817 2
1338555689795465216 24
1338555680383447042 20
1338555668387815425 9
1338555663887294464 7
1338555654571749391 3
1338555650977226758 5
1338555649911906306 4
1338555648368390145 16
1338555645927239689 5
1338555642592817155 19
1338555638478237696 14
1338555636678860801 25
1338555635164737536 18
1338555629108125702 19
1338555628592263169 10
1338555626105036804 10
1338555620128124934 8
1338555616101425153 12
1338555614759366658 20
1338555614532956167 16
1338555612955881472 10
1338555606232391680 6
1338555606127550466 13
1338555605837967360 7
1338555605817065474 13
1338555605804437505 5
1338555605695524870 9
1338555605682819073 17
1338555603380264964 9
1338555591879430144 6
1338555589052555269 7
1338555586233987072 15
1338555570907979777 13
1338555563244924929 11
1338555562045431812 13
1338555560946491395 12
1338555557012238339 4
1338555541925343235 19
1338555537458405378 9
1338555536799895552 12
1338555536653119490 5
1338555522962886667 6
1338555522518306817 15
1338555514108719106 3
1338555512737181699 7
1338555512678469634 4
1338555511818629124 21
1338555506567352320 5
1338555504449220612 23
1338555501920083968 11
1338555501660037122 14
1338555495913754632 15
1338555495859142656 9
1338555489181868032 10
1338555482638782465 18
1338555481254731778 11
1338555480575266817 21
1338555477601423361 12
1338555465148452864 5
1338555449252130816 15
1338555449206067201 20
1338555444701368322 6
1338555422861615108 17
1338555420051431431 18
1338555417903951872 9
1338555412489138176 23
1338555394407292929 21
1338555393954504704 7
1338555389865025538 11
1338555383993020421 15
1338555382738849796 15
1338555382218809350 11
1338555379282817026 11
1338555374279024644 12
1338555373494489089 7
1338555365114384389 18
1338555364015566848 4
1338555361054367745 12
1338555360051830790 5
1338555354339274756 8
1338555347716411398 10
1338555340472856586 9
1338555336370888707 11
1338555334722539523 22
1338555314900250624 10
1338555310441721856 12
1338555307807682563 15
1338555301339877376 8
1338555297913335808 7
1338555295048454144 10
1338555294444630016 22
1338555290216767489 6
1338555289172389891 9
1338555282838990850 20
1338555282755117059 5
1338555279575805953 10
1338555274630717440 3
1338555262777532417 2
1338555259308924928 10
1338555254393229313 8
1338555246990270468 7
1338555243966193668 15
1338555242686816257 4
1338555226639527938 12
1338555204350840833 8
1338555203075907588 7
1338555201553375233 5
1338555190392328192 19
1338555189075337216 4
1338555187267579912 15
1338555182519619584 5
1338555180988559360 9
1338555176781692929 9
1338555175351541766 22
1338555160214327300 16
1338555154078048258 18
1338555148214349825 11
1338555144250724356 6
1338555144250687494 26
1338555136944316429 16
1338555136910692352 8
1338555116782227460 8
1338555116681572353 1
1338555114748055555 5
1338555108481708034 20
1338555106820845571 21
1338555105084387329 12
1338555103268249605 18
1338555103117250561 15
1338555102458765315 6
1338555102370672640 17
1338555098822299650 12
1338555097689755654 28
1338555096981008384 6
1338555090295250946 5
1338555087614955520 7
1338555049958666240 9
1338555046896734211 3
1338555041586630657 11
1338555039376416769 9
1338555036922744834 7
1338555033760239617 3
1338555030614532099 14
1338555030316716033 26
1338555024079777794 19
1338555020078444544 7
1338555012612567043 22
1338555011744206855 23
1338555008103682048 7
1338554996388925441 11
1338554993251651585 26
1338554992467337217 7
1338554988818169858 4
1338554987778088962 4
1338554981419454473 7
1338554978324111367 14
1338554972523421696 7
1338554968161312769 15
1338554962142322688 11
1338554955075104775 2
1338554945025486849 72
1338554944417394693 12
1338554933822582784 9
1338554926725799936 12
1338554926327328771 21
1338554925614313477 10
1338554908761612289 23
1338554907901751301 7
1338554904718290957 13
1338554901664845825 8
1338554897915113472 18
1338554897474740229 5
1338554893603311623 10
1338554888012386305 14
1338554880743645185 11
1338554877170028545 16
1338554868362063872 10
1338554850909417475 18
1338554850775220225 13
1338554845129826309 6
1338554844894949376 25
1338554820173713408 10
1338554817032060928 4
1338554811986436096 16
1338554811499880451 8
1338554801358065670 17
1338554797264400387 4
1338554783213481985 15
1338554782101987335 10
1338554778016747529 13
1338554777714778114 14
1338554769246363648 9
1338554762908798978 8
1338554761692516355 22
1338554759737962496 19
1338554757275918347 9
1338554751613624320 18
1338554748358643713 8
1338554732827303937 11
1338554726787461121 9
1338554726342864899 3
1338554721099976704 16
1338554717115461636 24
1338554712505810944 10
1338554709884473344 12
1338554708282265607 2
1338554706373857290 9
1338554705723740162 9
1338554701390942214 10
1338554693287636999 12
1338554687566598144 12
1338554685079183360 22
1338554683770589187 5
1338554678901149697 8
1338554663029919748 8
1338554659351441408 6
1338554654737698818 6
1338554648073031680 21
1338554639793483776 7
1338554635842367492 8
1338554632315035648 14
1338554614711427072 7
1338554612328976384 6
1338554611989442564 8
1338554611519655944 4
1338554608050982916 6
1338554605609824278 31
1338554599200976907 11
1338554598026407936 10
1338554595329576962 24
1338554594868260866 4
1338554591651180547 15
1338554584973922306 9
1338554582855634946 4
1338554581110886401 10
1338554581010296833 8
1338554578141372428 20
1338554576786624512 25
1338554572487487491 13
1338554569819820032 5
1338554559489339392 14
1338554553021689859 5
1338554552983957505 13
1338554551163645952 18
1338554551016808448 18
1338554550085689344 3
1338554542858891264 17
1338554541525114883 4
1338554536265461765 19
1338554535627939840 14
1338554533388181505 21
1338554526652133378 15
1338554525364457473 7
1338554522331975682 9
1338554520046071808 22
1338554515868540928 21
1338554514950025218 12
1338554513435877377 9
1338554510315237376 19
1338554508318748675 12
1338554507886813184 22
1338554503545675778 5
1338554499984711684 16
1338554496016855040 15
1338554492149788675 20
1338554484054691842 6
1338554482939060224 14
1338554480065916929 13
1338554475238338562 12
1338554466665197571 10
1338554464895119360 7
1338554454807879690 20
1338554440681459714 10
1338554428442484747 9
1338554420456525824 13
1338554416769675268 8
1338554414538383362 11
1338554413267513346 12
1338554412948713477 17
1338554405168295937 16
1338554396355989508 2
1338554392912519168 9
1338554387933880327 5
1338554385878683652 15
1338554382267408389 13
1338554381399187458 16
1338554380044394498 9
1338554374151352322 8
1338554373358706689 22
1338554362784833551 6
1338554358062067712 6
1338554356875079683 14
1338554353947439105 10
1338554350843523073 5
1338554350155784196 4
1338554347580399617 19
1338554347517599744 8
1338554347513401356 6
1338554347463057411 7
1338554326940344321 24
1338554307105468417 24
1338554305121542144 14
1338554303879860224 8
1338554297441808385 15
1338554283827077122 21
1338554278429003777 9
1338554275568513028 24
1338554262599720961 10
1338554260938698752 20
1338554256320847874 20
1338554249358225408 13
1338554248456441860 19
1338554247810527238 20
1338554243553366018 21
1338554240877391873 15
1338554239749148673 7
1338554239606534146 28
1338554236259463168 7
1338554218744074243 6
1338554218672754689 11
1338554216915345409 12
1338554215719788545 7
1338554215589883906 15
1338554213467447296 11
1338554211395661825 22
1338554209290084358 7
1338554208908402690 18
1338554207926968320 6
1338554203724279808 5
1338554194295463944 6
1338554190524723201 7
1338554186837921793 10
1338554182337515528 23
1338554179569201153 19
1338554177035890692 13
1338554172476698624 3
1338554170555633668 19
1338554166587908098 10
1338554164780040192 14
1338554163270127616 7
1338554163081383936 6
1338554159084130305 7
1338554152515858433 10
1338554141401100294 11
1338554140423843841 11
1338554137785626626 16
1338554120957997060 15
1338554119968190468 15
1338554108136009731 26
1338554101144104961 5
1338554101135798278 7
1338554100707962880 6
1338554098350780417 6
1338554098048765961 20
1338554090733887490 10
1338554089991528450 5
1338554086770302977 9
1338554083733594119 22
1338554082605330434 11
1338554080612978689 8
1338554075625836544 15
1338554073948295168 10
1338554073340125188 19
1338554072429973509 12
1338554065366773760 14
1338554058236436485 22
1338554057384988680 20
1338554054377607174 6
1338554039445970944 22
1338554038472896515 15
1338554028788076546 21
1338554028167487492 8
1338554025210470412 18
1338554020915458048 14
1338554011205709824 11
1338554003765022720 15
1338553998035529730 19
1338553990863269888 19
1338553988946554882 19
1338553988506128384 7
1338553975193423873 13
1338553966586687488 7
1338553958793560066 17
1338553952988782593 11
1338553944000376841 25
1338553943899648003 20
1338553936928796676 8
1338553935167168514 16
1338553931471998979 16
1338553931253821445 8
1338553930515701761 9
1338553928896679936 5
1338553923976777729 9
1338553922726678529 15
1338553921804103685 15
1338553918616461316 17
1338553917580275713 12
1338553913386143746 5
1338553911435816961 24
1338553906901774337 7
1338553904678793221 24
1338553902959104001 10
1338553885825380358 7
1338553882956492801 13
1338553881031307265 12
1338553872919498756 13
1338553870969163777 12
1338553870327410688 5
1338553867022295044 12
1338553859501748224 7
1338553847086796801 18
1338553844276445184 16
1338553842284236806 9
1338553841944567811 14
1338553839486689282 10
1338553836751884290 4
1338553835174899712 29
1338553831358074886 18
1338553827176443909 10
1338553824894726151 13
1338553823615389698 10
1338553822017368066 14
1338553818397749250 11
1338553817432993795 8
1338553809778462722 20
1338553804946628608 7
1338553796352487424 18
1338553795882704904 7
1338553795291328512 24
1338553790891499522 5
1338553779768221696 13
1338553766811987969 9
1338553766237401090 2
1338553763594969090 22
1338553760419885056 3
1338553758377271298 14
1338553758280716289 8
1338553750194098177 28
1338553745643347969 9
1338553745496391682 12
1338553739247022082 10
1338553738534002688 17
1338553728706736129 11
1338553723577126914 14
1338553720296988673 11
1338553706195914758 10
1338553705688420358 11
1338553695638700032 11
1338553686256181256 8
1338553683446018054 14
1338553683445944321 12
1338553676428808192 7
1338553664202534913 5
1338553661685784576 13
1338553659261472768 20
1338553653670526977 4
1338553653242769414 15
1338553652022226948 9
1338553643772096519 2
1338553641741905921 21
1338553635723243527 14
1338553626713858058 5
1338553625157758977 19
1338553622880194565 17
1338553610972651521 2
1338553609068351488 3
1338553608883875845 10
1338553607545872385 16
1338553606589599745 16
1338553592542846979 21
1338553591380971523 22
1338553584628199425 21
1338553583600590848 16
1338553573278363658 12
1338553569738371075 20
1338553569465806849 21
1338553566580142085 13
1338553561341456386 21
1338553542160879620 12
1338553535701651456 4
1338553527879266304 22
1338553527053004801 11
1338553525362716672 20
1338553517599035395 28
1338553514558152704 11
1338553498670022656 7
1338553494416965632 7
1338553477287604224 5
1338553474410221568 23
1338553470396354561 6
1338553468836081666 19
1338553468689264640 3
1338553456223801344 3
1338553454449586179 12
1338553452696379392 13
1338553452448931846 12
1338553452104998914 9
1338553442718142465 19
1338553437110329346 9
1338553436749635584 17
1338553433457037316 10
1338553424569393152 6
1338553407884451849 8
1338553397688094721 8
1338553390708744193 11
1338553388150247429 22
1338553383679119361 6
1338553383502929927 19
1338553375076573185 8
1338553372929093632 19
1338553371934932993 16
1338553361872920579 14
1338553360782422018 6
1338553354461601792 22
1338553353949700096 11
1338553351512989696 8
1338553349004791811 14
1338553341320769541 5
1338553338498060290 18
1338553337881317376 7
1338553333183897600 12
1338553331023745026 7
1338553330654535680 11
1338553327798333446 6
1338553327425089536 4
1338553324132589568 18
1338553318428340226 2
1338553312434679811 5
1338553304926842881 18
1338553290871738369 3
1338553286945857543 4
1338553276761923584 18
1338553276460134402 23
1338553273469562881 11
1338553262497271812 22
1338553262111330306 12
1338553258797830147 8
1338553255803105280 6
1338553250635771905 26
1338553248635031555 8
1338553246269530118 22
1338553242196848641 6
1338553236983312384 14
1338553232348631040 14
1338553227676065793 7
1338553223926472706 32
1338553219857965057 19
1338553211221786625 3
1338553202409680902 21
1338553196474748939 15
1338553193287061504 7
1338553191470952452 22
1338553188312633345 18
1338553187511504897 4
1338553185657610253 11
1338553180053966850 14
1338553179798200332 10
1338553178770563072 16
1338553178275553283 10
1338553177445117954 13
1338553172214870016 7
1338553163981459458 5
1338553163272609803 20
1338553156406534149 6
1338553149385297926 5
1338553147422339072 11
1338553141076381702 8
1338553138299756546 19
1338553130817101827 7
1338553129344749569 10
1338553126689910798 6
1338553125494546437 6
1338553120075505665 17
1338553119114993675 5
1338553116569051144 6
1338553110940233729 17
1338553109979787266 7
1338553097761792001 18
1338553097384325125 20
1338553097304551425 15
1338553095379423243 11
1338553092506259458 9
1338553090002350082 16
1338553083878576130 8
1338553079613022222 11
1338553079441059844 4
1338553078883213316 10
1338553077029363715 3
1338553076043698179 6
1338553074340802561 10
1338553071744520197 8
1338553057081249793 8
1338553056569532423 6
1338553056288514050 3
1338553038550802434 6
1338553017474445320 4
1338553016677490696 5
1338553009400389635 2
1338553007454248961 22
1338552999032066053 16
1338552987510312960 23
1338552983240454150 14
1338552982884012035 17
1338552982527488001 4
1338552969856475138 9
1338552969613225992 6
1338552963309178880 11
1338552958942912513 18
1338552957080645638 21
1338552952944988160 4
1338552944585826305 11
1338552940563468288 19
1338552938965372928 24
1338552931231084548 10
1338552925648465922 3
1338552924172120072 16
1338552902789500930 12
1338552899018887170 15
1338552896980480005 15
1338552891452379136 3
1338552887186759681 5
1338552882753318914 7
1338552879536287747 4
1338552873899220992 5
1338552872502497282 4
1338552869763559428 6
1338552868610117632 15
1338552865959325698 23
1338552865510580225 24
1338552837605785600 13
1338552837601513475 19
1338552836754350080 16
1338552836171378695 11
