1338569881843888132 12
1338569879914418178 7
1338569878547140608 22
1338569878450659329 11
1338569871903371264 15
1338569871651696641 19
1338569862789074950 4
1338569843877027846 18
1338569836268576768 15
1338569834313916417 10
1338569829960183808 7
1338569828722995200 18
1338569821743616004 20
1338569820053377024 6
1338569818392338432 17
1338569815892561928 9
1338569810989486082 9
1338569805620711424 16
1338569805431967744 13
1338569804731588614 28
1338569804580581376 16
1338569804312162304 15
1338569802038829057 3
1338569791288864769 21
1338569789338505217 6
1338569786641551360 6
1338569785739718656 26
1338569780060622851 16
1338569765049294854 7
1338569759005286403 9
1338569758824927233 10
1338569741288529920 17
1338569738184585216 5
1338569736918102024 6
1338569733520683009 5
1338569731029172225 22
1338569725224374277 8
1338569718920335360 24
1338569709994659840 6
1338569698741428225 16
1338569698657656833 15
1338569696162050050 9
1338569692672356358 6
1338569677824544774 8
1338569669628850180 13
1338569659050827777 10
1338569651417210880 15
1338569650402177025 14
1338569648514736136 8
1338569647608762371 22
1338569647394856963 10
1338569639471828993 8
1338569637257244673 14
1338569636808364036 24
1338569633830481922 21
1338569627274764291 5
1338569625492189187 4
1338569612959621125 6
1338569599365869568 8
1338569591015006209 22
1338569589500755969 7
1338569585143009285 3
1338569578595627010 20
1338569577685454849 18
1338569575726788611 9
1338569558601453585 12
1338569555241791501 23
1338569535448821765 15
1338569528742191106 6
1338569509112750080 20
1338569498539020288 13
1338569496550891521 18
1338569495942737920 9
1338569494344708096 22
1338569491123466245 23
1338569488657231875 5
1338569485821894656 5
1338569485662507019 6
1338569485662494722 18
1338569485461164033 3
1338569479165448195 20
1338569478523801600 9
1338569478335062019 22
1338569473125707780 16
1338569472102330368 5
1338569464854540288 18
1338569463222972416 14
1338569460920295426 10
1338569460358258688 4
1338569457950658566 13
1338569457787088899 10
1338569455987658757 6
1338569453446033424 13
1338569448505176065 17
1338569447771140097 7
1338569447292932099 8
1338569447158685696 11
1338569447078957058 8
1338569447049633792 8
1338569447032942600 16
1338569447024504834 13
1338569446990913537 16
1338569446974173185 19
1338569446936473609 13
1338569446923747328 5
1338569430469578752 5
1338569429169352710 19
1338569427336519681 26
1338569419774177280 9
1338569413822312448 9
1338569409867231236 4
1338569405400223744 8
1338569397460471811 13
1338569395992465415 8
1338569382281293826 3
1338569380016386050 3
1338569378208497664 17
1338569375952080897 8
1338569370776158208 7
1338569367349571585 7
1338569367173337088 13
1338569366292426752 4
1338569364472291333 11
1338569363687952388 6
1338569363520184323 5
1338569363352379395 5
1338569358902255619 23
1338569358705111047 10
1338569346457743360 3
1338569341307064321 22
1338569340178862083 18
1338569339943985153 4
1338569326861889537 17
1338569316736917504 8
1338569314320998400 7
1338569302052630534 16
1338569298864971777 18
1338569297979990019 10
1338569296620957696 19
1338569290769895424 19
1338569290086281216 16
1338569289817788419 13
1338569289054478337 40
1338569284491075585 10
1338569283639578628 6
1338569275942948864 2
1338569265020977152 14
1338569258243149839 6
1338569257366544386 15
1338569250974396416 24
1338569249892298753 5
1338569226215251969 8
1338569219072532481 4
1338569219047362560 26
1338569217470324736 20
1338569214123241473 13
1338569211770232832 23
1338569205965156353 7
1338569201896751104 21
1338569195437473792 15
1338569195316015105 16
1338569190454792192 8
1338569185643925508 8
1338569184687640579 7
1338569183320297472 3
1338569178278752279 14
1338569172280893440 7
1338569162961121281 4
1338569162550079489 21
1338569155507843072 20
1338569151972077577 14
1338569149727969280 17
1338569147119235072 22
1338569146469126145 10
1338569132309176323 2
1338569131176574977 8
1338569123073241088 24
1338569122242818049 8
1338569121680789513 13
1338569113745182721 10
1338569109223731201 17
1338569100356964352 5
1338569097790058498 6
1338569096317853706 16
1338569094774321155 6
1338569093830602753 10
1338569090789748748 9
1338569078571675653 24
1338569075287597058 9
1338569072787795975 7
1338569072427085824 16
1338569067876274179 7
1338569066571833344 20
1338569060754354176 3
1338569050461442049 11
1338569040432926722 22
1338569011798437895 12
1338568998628323329 4
1338568989794992128 6
1338568989652504576 18
1338568988683595778 28
1338568987215532037 14
1338568972946575360 15
1338568970274803714 6
1338568970165755912 7
1338568968420864002 6
1338568967603032066 10
1338568967011627013 20
1338568964583075843 10
1338568961491922947 10
1338568959566745600 7
1338568952109207559 10
1338568949336825856 10
1338568943901040646 11
1338568943502389248 16
1338568942617571331 10
1338568941686427649 6
1338568941120188416 5
1338568940168093697 6
1338568932005982208 23
1338568924368044033 3
1338568923042766851 5
1338568915291693056 11
1338568914033385486 10
1338568911055417344 5
1338568905502171136 22
1338568903623053316 21
1338568892340457479 8
1338568890457141253 7
1338568882039058432 2
1338568873554178050 9
1338568870651715584 7
1338568852972720128 10
1338568850900709378 4
1338568843195785216 4
1338568816738103302 16
1338568813844058115 7
1338568809922355208 8
1338568801793810433 13
1338568797175881729 8
1338568792453099521 22
1338568787046637570 21
1338568786149040129 21
1338568781384314884 6
1338568778590932992 4
1338568774665052161 6
1338568772047802369 21
1338568764774871040 19
1338568763768246274 14
1338568758584102913 19
1338568756465815553 16
1338568748765220864 9
1338568747364347909 10
1338568745946636290 9
1338568726371848194 13
1338568725113475076 6
1338568724601823234 12
1338568723687464970 3
1338568721254780929 22
1338568719556075520 8
1338568718369120256 8
1338568715760103424 6
1338568712069246976 11
1338568705429692417 5
1338568692083339267 15
1338568692020342784 16
1338568691944808448 9
1338568684768546816 17
1338568682927165443 11
1338568682436440065 17
1338568682226610178 22
1338568681962541057 22
1338568672248537090 3
1338568669803245570 15
1338568666988875785 10
1338568664740671488 23
1338568660898750466 22
1338568654217048065 25
1338568654070419463 15
1338568652426256384 18
1338568651163774978 30
1338568639671361536 17
1338568629193936896 7
1338568627860221953 26
1338568625112948736 6
1338568618108448793 8
1338568615352741889 13
1338568615168192512 6
1338568613079486464 19
1338568611284348940 4
1338568606842490880 18
1338568605038997509 21
1338568601834549250 13
1338568600781807617 8
1338568599099895808 14
1338568593915727885 13
1338568593852813313 9
1338568592586121217 22
1338568591906664454 13
1338568591097020417 17
1338568590015000577 24
1338568584486932480 13
1338568581953556480 15
1338568580477181954 3
1338568578279280641 25
1338568573619490823 8
1338568571136266240 8
1338568566782750722 10
1338568561946669056 6
1338568561460203520 14
1338568546222215175 17
1338568545098211337 5
1338568534092369927 10
1338568532901171204 11
1338568524852326402 9
1338568509484363779 7
1338568507097837571 9
1338568499518730242 26
1338568498809765889 17
1338568497153105925 14
1338568494317772808 3
1338568494275817476 14
1338568491289501702 8
1338568491071401984 27
1338568488236036096 2
1338568479818002434 8
1338568474772320257 15
1338568470955438080 18
1338568470510923779 12
1338568459291144193 23
1338568453188243456 14
1338568453104386049 10
1338568452685107200 12
1338568452525748225 16
1338568443675750403 17
1338568441805099010 8
1338568440492208130 16
1338568440408231936 8
1338568440358072320 16
1338568440345481220 7
1338568440345284608 16
1338568431101079552 7
1338568429880610821 6
1338568427074703361 7
1338568425292124160 15
1338568425208246280 8
1338568421127163907 22
1338568415154409474 22
1338568413669707778 23
1338568405318840323 7
1338568405037834240 20
1338568402319753216 22
1338568394413584384 19
1338568388071702528 10
1338568385181999108 17
1338568383353196546 22
1338568376495517698 7
1338568372649414656 10
1338568370728407041 12
1338568369373650945 9
1338568364004945927 14
1338568360800514049 27
1338568358397087748 17
1338568349970784257 9
1338568348502732803 9
1338568341351505923 19
1338568335496245250 4
1338568331540967426 11
1338568329225777152 2
1338568326373629954 8
1338568324909764616 5
1338568317485846530 19
1338568317448163330 16
1338568313190850561 7
1338568307167948807 5
1338568306597441538 18
1338568301950058497 7
1338568300612214786 19
1338568299328598016 23
1338568299165212672 11
1338568298422808576 7
1338568296354951170 14
1338568282559885315 7
1338568281318420482 5
1338568274968244231 10
1338568265891770369 15
1338568251358523395 6
1338568250733498376 8
1338568250255421442 22
1338568239195021319 14
1338568238880403457 33
1338568230009532426 4
1338568228453281792 10
1338568226394034178 13
1338568217690841088 15
1338568217657298946 6
1338568214490599424 8
1338568203644047363 18
1338568201450516487 11
1338568197717585929 8
1338568194647318530 11
1338568194471104514 6
1338568193179344910 23
1338568191493222408 25
1338568188821450757 16
1338568188406198273 8
1338568182135709698 10
1338568181179412483 15
1338568169904959489 6
1338568156726562818 10
1338568153870176256 5
1338568152532193280 17
1338568151898927105 12
1338568147645902853 23
1338568145817092096 21
1338568141320941570 11
1338568132655534085 15
1338568131527241729 8
1338568129392369673 11
1338568125722275840 14
1338568106344583170 24
1338568099633778689 10
1338568093178753024 25
1338568091505205248 9
1338568090871689216 10
1338568089521283073 14
1338568076271431683 24
1338568075797467137 19
1338568070349074437 7
1338568064338628609 11
1338568063030091779 7
1338568061805154304 6
1338568061641699328 18
1338568059053858816 8
1338568054968619013 10
1338568054544998401 17
1338568047641178112 6
1338568047515348992 9
1338568046697467905 19
1338568040779313152 18
1338568036824076290 9
1338568025474207756 5
1338568024941465600 7
1338568023117099008 25
1338568016540413955 25
1338568016196489216 15
1338568015273668608 23
1338568010886483972 4
1338568005807190018 7
1338568001096912897 25
1338567998785859588 8
1338567991542378496 8
1338567989055119362 4
1338567985435451394 20
1338567985305432074 10
1338567982096629760 17
1338567982092603397 7
1338567980599349252 11
1338567980104478722 2
1338567977885634563 5
1338567976887398400 18
1338567976841310210 11
1338567973141876737 15
1338567960567361545 5
1338567958059249670 6
1338567956519821313 16
1338567954917683202 22
1338567951105011719 6
1338567948731035659 25
1338567944306118658 12
1338567940032110601 25
1338567938228559872 25
1338567937154756608 16
1338567937133740036 17
1338567934596186114 26
1338567934076182530 17
1338567926035722240 8
1338567912819482624 22
1338567911825436683 11
1338567905684951040 25
1338567899548565505 15
1338567896130326532 18
1338567895798992898 10
1338567890425901056 11
1338567884772159492 14
1338567877952233476 22
1338567876358381570 8
1338567858612264961 14
1338567858285064196 8
1338567857186238464 17
1338567856750022658 12
1338567854321324042 9
1338567853751013377 8
1338567850076688384 23
1338567841705046017 4
1338567840140570624 8
1338567839624679425 9
1338567837573652482 23
1338567837330321422 6
1338567835010936834 9
1338567822021193734 17
1338567814114893825 19
1338567813586427905 8
1338567812974075909 18
1338567812407824389 11
1338567812202319872 11
1338567810574929925 25
1338567806716178435 3
1338567806548406273 19
1338567802693636097 8
1338567798407172097 9
1338567789251014658 22
1338567780401033220 6
1338567765859459075 18
1338567759404392448 10
1338567753826004993 21
1338567747417104392 15
1338567745890349059 21
1338567745512869889 10
1338567738852331522 9
1338567733798203394 25
1338567727045365762 15
1338567724838969345 20
1338567714756030464 6
1338567714428825603 17
1338567711807430659 21
1338567710947602436 12
1338567707168542720 5
1338567705243299840 16
1338567704396128260 7
1338567704089927684 17
1338567703800451078 11
1338567703725010945 27
1338567699450957824 23
1338567699090317312 5
1338567694371745795 10
1338567693507710977 13
1338567688835174401 5
1338567687967039490 23
1338567686083796995 26
1338567685341282304 16
1338567672896819205 17
1338567672657829888 5
1338567662541152257 9
1338567661752479744 15
1338567651862466561 6
1338567643574497287 3
1338567633587855365 19
1338567632233050121 9
1338567629439721483 5
1338567614566715399 31
1338567610036858880 8
1338567608216539144 19
1338567603611164680 5
1338567602373865472 20
1338567596472496133 9
1338567588658470913 13
1338567587354046466 15
1338567579728830465 17
1338567571713511424 15
1338567570451017728 22
1338567570329309184 27
1338567561210855425 7
1338567553237594117 13
1338567550230286336 26
1338567547860492290 20
1338567532639346688 16
1338567519238565890 12
1338567514499010566 20
1338567513551085575 4
1338567510250156038 14
1338567509281280005 16
1338567506416594944 11
1338567501236604928 6
1338567495972777999 10
1338567494211162120 21
1338567492810268676 20
1338567472774049792 2
1338567472044240897 4
1338567470127460354 11
1338567469838049282 7
1338567465694076928 3
1338567457586475014 16
1338567453987794945 13
1338567445964083203 7
1338567445813080064 9
1338567445385187328 6
1338567443057438720 20
1338567440985444355 5
1338567440045801475 24
1338567434014437383 16
1338567433926414337 6
1338567433884413955 8
1338567431699226631 11
1338567423604224003 11
1338567420433358849 69
1338567410819997699 19
1338567402993438722 17
1338567394806149120 10
1338567394764206082 8
1338567393321377796 10
1338567393044467714 8
1338567388640501761 22
1338567376116342784 6
1338567375587844096 18
1338567363457904648 18
1338567362505809920 6
1338567360320573440 18
1338567356231131140 19
1338567355320950790 10
1338567352955310082 7
1338567351328006145 18
1338567351076270082 12
1338567348891099137 5
1338567347624423428 15
1338567341521694722 18
1338567337268506624 9
1338567336526311426 6
1338567334047387648 7
1338567323444256769 5
1338567322349559808 16
1338567316070670338 14
1338567303441604616 10
1338567301206052871 6
1338567299880669186 11
1338567286479843331 20
1338567281266352128 9
1338567277352980480 13
1338567276845539328 24
1338567267110547459 18
1338567265634181120 20
1338567264900145153 10
1338567261196578817 12
1338567256083755009 9
1338567253349064707 11
1338567251314794498 8
1338567250450640896 16
1338567249301544966 22
1338567241114140672 9
1338567235133186050 12
1338567233258352648 13
1338567232415100929 14
1338567230997622787 13
1338567229525389315 13
1338567223049379842 25
1338567202635735042 4
1338567201641598985 18
1338567196495196160 17
1338567196214243337 7
1338567195794804738 17
1338567190237360130 9
1338567187578171392 11
1338567186982576128 21
1338567182507257859 11
1338567182314299392 5
1338567182217691136 16
1338567180863107079 8
1338567176404525065 13
1338567172688375809 8
1338567171304284162 18
1338567170154958856 7
1338567167151910912 7
1338567162672402433 7
1338567161380474882 18
1338567158792597507 13
1338567157463003136 7
1338567154606727168 15
1338567152429830145 13
1338567141092634627 11
1338567139247202315 5
1338567136638275585 6
1338567133949734912 10
1338567131009527816 6
1338567124525182979 21
1338567122268663818 6
1338567120133775361 11
1338567103910207493 16
1338567103851401217 13
1338567100240179203 14
1338567098541498376 22
1338567097010577409 8
1338567084889026563 16
1338567081629892609 11
1338567080321413121 12
1338567079881039872 5
1338567070632566785 18
1338567061107249153 5
1338567058280378368 18
1338567055101091853 22
1338567053364649985 10
1338567052953575427 20
1338567052680962048 15
1338567051892453378 11
1338567049480704000 4
1338567046406287360 6
1338567045475168256 9
1338567044745326604 18
1338567034951655430 10
1338567027544518657 14
1338567021101985792 21
1338567017385897985 15
1338567014714052616 8
1338567009081184261 11
1338567003699900420 15
1338567003360141318 8
1338567001715957761 5
1338566998826082306 20
1338566995428728835 10
1338566994703081473 3
1338566993918783490 5
1338566993709060096 19
1338566988524818435 17
1338566985689554950 19
1338566985152606208 5
1338566984489897985 12
1338566983521013761 14
1338566981054853120 19
1338566976113926146 11
1338566972922089472 20
1338566964554440706 10
1338566964529262593 7
1338566957273112576 23
1338566956321021956 9
1338566956304183299 8
1338566955289161729 12
1338566954425126913 17
1338566952881704963 9
1338566948863479808 15
1338566947445862408 7
1338566942974742529 5
1338566942869819395 18
1338566942567899145 18
1338566937727660033 6
1338566934527401986 18
1338566932803543042 17
1338566932522389504 10
1338566932279291910 19
1338566932266672131 10
1338566932170223617 21
1338566931993915393 12
1338566931675308035 23
1338566931662532610 8
1338566931654176768 6
1338566931255717888 17
1338566931138351104 6
1338566931104796672 11
1338566931079593984 6
1338566931067019265 7
1338566930924359683 10
1338566930324729856 14
1338566930265829376 14
1338566927602626560 6
1338566926960906241 16
1338566925492817920 13
1338566921906688003 4
1338566919226613765 15
1338566918282862594 8
1338566907377709058 9
1338566902529003525 10
1338566900138303490 8
1338566893062529024 8
1338566890285887492 7
1338566888843079680 4
1338566882568392706 9
1338566878915129352 7
1338566871860260866 4
1338566850121240589 7
1338566849823379459 11
1338566847898263558 12
1338566828688355328 12
1338566824418570250 7
1338566820299759616 18
1338566816759681041 11
1338566815656636419 20
1338566814830235648 8
1338566812045176832 8
1338566801383415809 29
1338566797604380677 13
1338566795716751360 5
1338566793351270407 12
1338566789861617665 12
1338566789140197383 14
1338566788498513920 4
1338566783649931270 22
1338566783234666496 14
1338566781833785345 7
1338566780848050178 10
1338566780269301761 11
1338566770857304068 13
1338566764058198016 9
1338566758584754177 4
1338566757552939008 12
1338566757209022464 22
1338566757032800259 18
1338566746052104193 12
1338566743443337216 11
1338566742755315713 15
1338566742415589377 20
1338566739303542784 13
1338566736409464832 19
1338566728519987200 4
1338566725986439169 24
1338566721448386561 8
1338566721385476099 5
1338566720110407685 18
1338566708743852034 13
1338566700162281472 6
1338566698253709312 16
1338566697977065474 22
1338566692583182339 12
1338566689550635012 4
1338566689059971072 7
1338566678712446976 16
1338566673763328003 9
1338566668713418753 11
1338566667807444992 8
1338566666616254466 9
1338566663491481612 8
1338566662661009409 30
1338566657783029760 26
1338566649545363456 16
1338566648333262855 17
1338566645128847360 13
1338566644478701569 13
1338566630230601728 21
1338566619484872707 14
1338566617064730635 3
1338566613126295552 9
1338566610035089409 27
1338566603194167298 5
1338566600321093633 13
1338566596852375552 4
1338566595443089408 22
1338566594574901249 14
1338566594184798210 16
1338566581404770304 18
1338566570621198339 8
1338566568758882304 14
1338566557589495815 21
1338566556285067265 8
1338566555802738690 11
1338566551998509057 15
1338566551499403265 14
1338566547170877440 12
1338566546856300545 19
1338566543261708289 20
1338566524819427329 5
1338566524735459335 22
1338566522604699650 6
1338566519563948032 6
1338566514270679042 6
1338566512517451783 9
1338566511045332992 20
1338566506196705285 5
1338566505001222145 7
1338566504875511809 11
1338566503843721219 15
1338566497980084227 7
1338566490560339975 13
1338566487808897028 13
1338566485879500800 9
1338566478774349824 4
1338566472579346433 3
1338566459233067008 6
1338566455516868611 8
1338566451226177539 3
1338566444766916609 19
1338566438907301888 6
1338566437514960897 9
1338566431454138369 12
1338566429109608448 7
1338566426634940420 3
1338566423619252229 26
1338566415880757250 9
1338566410222641154 16
1338566408368697344 15
1338566402173771781 8
1338566402010189827 22
1338566399426490369 7
1338566389691518976 4
1338566382443696129 4
1338566381076422658 14
1338566368971673602 8
1338566364827701258 11
1338566364097744899 17
1338566363766530051 25
1338566361732280320 5
1338566348574756864 10
1338566346179809284 15
1338566340945305600 7
1338566339640897539 7
1338566335480074241 15
1338566331692617736 17
1338566331361275909 6
1338566330623160324 5
1338566326042959877 22
1338566323169873926 8
1338566313741049856 10
1338566310528212993 11
1338566296997404672 19
1338566287279132675 23
1338566286939394052 19
1338566284259291137 16
1338566277716054018 25
1338566265452064770 21
1338566265347186688 6
1338566248230252546 24
1338566245940129792 14
1338566243683618816 21
1338566240596586501 22
1338566232006660097 11
1338566229154476035 20
1338566217267892228 14
1338566212868059137 16
1338566205729288194 17
1338566202625581058 8
1338566191938490369 9
1338566185198051328 9
1338566182002028544 5
1338566176775999492 13
1338566175354019840 16
1338566175320494085 8
1338566174163013637 5
1338566166235799566 7
1338566161903005697 6
1338566156484014081 30
1338566154260975616 6
1338566147176882181 12
1338566139622772736 15
1338566139371253760 11
1338566135705374733 9
1338566131544518656 9
1338566129128706052 2
1338566127904022529 11
1338566122493399041 20
1338566116696875010 19
1338566103258247171 18
1338566099885944832 22
1338566099827212288 7
1338566093913411586 8
1338566085453484033 8
1338566084543225857 10
1338566079858225154 10
1338566074611228680 4
1338566069519339524 4
1338566060816076805 24
1338566060795179009 20
1338566049940316163 4
1338566049780936705 10
1338566046429679618 8
1338566044999446531 24
1338566041291677698 17
1338566034308083713 10
1338566016822091776 6
1338566014485880832 16
1338565999629635586 7
1338565984353996801 16
1338565972811280386 4
1338565965680943104 8
1338565963097251844 14
1338565957015326720 13
1338565955774009355 5
1338565954993721344 10
1338565953731309570 15
1338565946718511105 13
1338565945648967682 17
1338565944059310081 8
1338565942436126720 4
1338565941240672256 19
1338565940343164928 11
1338565928649420800 15
1338565928443916289 9
1338565925751169026 5
1338565923893088259 10
1338565923725307915 7
1338565923679039488 5
1338565906990034950 18
1338565905899548676 20
1338565905429667840 13
1338565895946428417 3
1338565886664450050 17
1338565882877009924 16
1338565875620696065 6
1338565865210601472 11
1338565863151120388 10
1338565856582922242 31
1338565844700454912 20
1338565837482045440 7
1338565831643508736 8
1338565823972118538 3
1338565822458040323 13
1338565816963522569 16
1338565810806206466 8
1338565810462199808 4
1338565808767852553 13
1338565805273968641 12
1338565800781737984 25
1338565799058010113 6
1338565793311821827 6
1338565786311553032 5
