1338629724835377152 13
1338629720775094273 6
1338629713942749186 16
1338629712579502080 9
1338629709689741317 20
1338629697324937218 17
1338629694292439041 8
1338629680757346304 19
1338629680644157442 21
1338629679109074949 4
1338629673551618049 13
1338629670900785154 11
1338629668531015681 8
1338629668262584320 9
1338629661019033600 23
1338629659748151298 6
1338629647228153861 12
1338629644946448387 6
1338629641473552386 4
1338629633739198466 9
1338629620845961219 4
1338629620720144384 4
1338629615569530881 15
1338629614999138304 8
1338629601942093824 6
1338629597101961218 19
1338629595814354944 3
1338629590491820034 9
1338629582803644421 14
1338629576365322249 18
1338629575950086144 6
1338629566378766337 19
1338629565808168963 13
1338629557205790722 20
1338629556585033729 3
1338629556438061057 15
1338629548095598593 24
1338629540655091712 15
1338629531004002306 12
1338629530840403980 7
1338629530261598208 18
1338629522716041224 20
1338629514902056960 1
1338629514557968385 7
1338629514176294912 14
1338629512821698562 15
1338629512746196992 18
1338629500108759040 11
1338629491724341254 22
1338629481846673410 16
1338629478138994688 11
1338629477530824710 6
1338629475425284099 7
1338629468408193025 7
1338629460501925888 18
1338629455154180103 16
1338629453229006851 8
1338629451811315714 5
1338629447570710529 8
1338629444873936896 13
1338629443204550657 2
1338629439605919750 17
1338629433037631491 19
1338629421184544772 16
1338629418995036161 14
1338629411894136836 25
1338629408463130629 4
1338629408257679366 11
1338629407544647683 6
1338629397008568321 11
1338629379715444744 10
1338629372618665984 13
1338629360815927298 21
1338629351898632200 4
1338629348883116032 4
1338629337734651905 16
1338629336161771521 5
1338629330193313793 8
1338629323566305281 8
1338629308739444737 21
1338629308210941953 4
1338629307338518528 9
1338629300938027010 11
1338629280847237122 20
1338629278355910656 18
1338629278037118978 18
1338629277558972422 6
1338629270202101760 4
1338629261264121856 31
1338629252036562944 13
1338629239487287296 10
1338629236932927495 4
1338629228221378562 8
1338629228024061952 23
1338629227319537671 16
1338629224379396098 3
1338629218062700552 6
1338629211016323075 5
1338629202849968131 6
1338629201415401473 13
1338629198131437568 7
1338629190824943616 5
1338629184177004544 13
1338629162962075648 7
1338629162848890884 12
1338629161737465859 14
1338629146403098625 23
1338629133035851781 12
1338629131802533888 17
1338629126324965377 24
1338629119203028993 11
1338629109241569280 9
1338629108897640448 5
1338629098546098177 7
1338629090006458368 7
1338629089880522752 6
1338629089846910978 8
1338629089515728898 22
1338629083488456705 4
1338629079227109377 19
1338629077197058048 8
1338629073606729738 19
1338629073409630210 14
1338629069378883587 11
1338629065620779014 13
1338629059190943747 11
1338629053369085953 17
1338629051532136449 16
1338629046905745408 18
1338629042648584193 12
1338629038689021952 22
1338629038496165893 16
1338629032942981120 7
1338629025607114752 20
1338629003440218112 16
1338628982875545604 10
1338628970821152768 21
1338628968308731905 5
1338628951468634112 16
1338628941393891331 10
1338628939086921728 7
1338628938420129794 8
1338628922997608453 9
1338628914533576704 7
1338628907801616384 23
1338628906975424512 18
1338628901602553858 15
1338628897789898763 9
1338628890399559680 5
1338628889522831361 12
1338628887404834816 12
1338628878349250563 11
1338628877141291010 16
1338628861135884290 5
1338628860460605446 3
1338628858258526214 5
1338628852051042305 22
1338628850377482240 9
1338628843939237892 17
1338628841368150018 8
1338628841351286784 7
1338628838369210372 7
1338628838285139969 12
1338628837144453126 9
1338628833386393605 10
1338628831872245760 10
1338628830374793218 20
1338628821520699400 19
1338628814528798726 20
1338628809097179137 9
1338628807226400768 6
1338628791699087362 7
1338628783725744130 7
1338628772891914240 17
1338628770916421632 11
1338628760367747074 8
1338628759566553091 6
1338628754424410112 20
1338628742277689347 11
1338628734459502592 9
1338628733339570183 22
1338628731552862210 14
1338628730873389056 9
1338628729564749824 3
1338628728830693376 8
1338628722136657924 6
1338628719288741888 10
1338628713567621123 9
1338628710392541184 19
1338628709151076353 17
1338628708685520896 17
1338628702335332353 3
1338628693552484354 33
1338628691719454720 20
1338628679644176384 8
1338628677597339648 10
1338628671859408897 6
1338628670806749184 3
1338628665702223876 6
1338628651873693704 17
1338628650288214017 5
1338628636832886785 23
1338628621523705859 13
1338628618474434560 11
1338628609712549888 15
1338628608412311554 19
1338628606105247744 11
1338628605476212738 21
1338628597167230978 7
1338628592616550400 16
1338628591303733249 15
1338628588682276868 20
1338628586849255426 15
1338628586807312384 12
1338628586748608513 7
1338628586685796355 7
1338628586639646727 7
1338628581900038145 6
1338628574333513729 16
1338628563726180357 10
1338628563663265796 11
1338628562266546179 8
1338628557820538881 6
1338628557606690816 6
1338628551705325568 2
1338628547074723850 6
1338628542469271553 9
1338628540057661442 4
1338628539931914242 7
1338628526036185091 14
1338628520726159366 25
1338628520688365569 18
1338628514963132419 3
1338628506260041728 14
1338628493761015809 7
1338628493047959554 9
1338628491085045764 9
1338628487008149505 16
1338628481886769153 10
1338628477545811970 6
1338628466892296193 5
1338628466263134210 5
1338628465466220553 8
1338628452577017857 11
1338628440266780673 13
1338628399225589761 10
1338628394704130050 17
1338628391055060993 8
1338628388324564992 20
1338628387850612738 8
1338628382834241548 6
1338628377826238471 22
1338628372566564864 21
1338628370926592001 10
1338628370440073218 20
1338628362294751234 17
1338628360482795523 3
1338628355852136448 6
1338628355176980481 8
1338628345462927361 9
1338628339817476096 31
1338628334977044480 17
1338628325561028610 3
1338628321031188485 17
1338628309551378433 11
1338628309530406920 15
1338628309320515585 14
1338628309245177863 21
1338628307080925186 18
1338628306258829315 3
1338628306141392903 21
1338628289339027456 9
1338628288810463232 7
1338628281395015680 6
1338628270603063298 11
1338628270569484290 9
1338628270343024642 14
1338628267587285001 20
1338628266001883138 13
1338628258884177926 17
1338628258154369029 21
1338628252160700466 5
1338628249467891716 20
1338628247379206149 17
1338628243298144265 15
1338628232346824710 9
1338628216370515973 21
1338628209747824646 20
1338628209571721218 11
1338628209374601219 16
1338628204530110466 10
1338628201376047104 25
1338628183671836672 14
1338628180370984966 3
1338628177552412675 19
1338628176667430914 18
1338628176277278727 9
1338628173882413056 5
1338628172628307970 16
1338628168253493249 6
1338628159789535237 12
1338628159479181319 16
1338628142613884930 20
1338628137425440769 10
1338628127786999810 7
1338628125123633155 5
1338628123290726400 7
1338628114516070401 6
1338628112079208450 7
1338628108874878977 8
1338628108098949120 18
1338628105305374721 6
1338628096812068866 4
1338628095742447617 8
1338628083398696961 20
1338628071323217921 6
1338628070157246472 6
1338628055497990147 6
1338628054374080519 13
1338628042768457729 4
1338628042399289346 9
1338628036086919169 14
1338628032651735042 14
1338628018764472322 20
1338628008266113025 16
1338628008106729472 13
1338628007607611395 7
1338628003455250434 11
1338628001433579521 8
1338628001265635329 20
1338628001009967104 13
1338628000833794048 8
1338627995276374016 23
1338627992692662276 13
1338627984974999552 14
1338627978532712448 13
1338627964456538112 7
1338627958676869126 4
1338627957074636807 7
1338627952779653120 8
1338627947163512833 11
1338627940096073729 10
1338627934534443008 12
1338627933251002371 10
1338627930025381891 16
1338627926179393536 22
1338627922408710147 18
1338627918780624898 10
1338627914653372419 22
1338627898341670912 12
1338627897100210177 9
1338627895594536961 6
1338627895036665865 3
1338627893375758336 13
1338627890028699648 20
1338627886056681478 5
1338627882252431360 5
1338627870248333313 9
1338627869958754305 6
1338627868855857158 4
1338627857174638592 5
1338627852636483584 8
1338627849381576704 7
1338627848538628100 5
1338627848060497922 10
1338627843379630081 22
1338627841504792586 8
1338627840468680704 8
1338627837696229377 7
1338627833267171332 7
1338627831920791553 14
1338627831710904321 7
1338627831522357253 14
1338627828556984326 7
1338627821925707777 18
1338627818910076937 11
1338627818742276096 10
1338627818201243651 16
1338627817945219072 9
1338627813125976065 2
1338627810596777985 16
1338627802216665088 6
1338627792712454145 10
1338627781287096321 5
1338627779328438275 7
1338627778980311044 22
1338627764220538894 17
1338627761812828160 23
1338627758734368773 10
1338627758109429761 8
1338627752061259777 22
1338627749301383168 7
1338627745241305089 6
1338627745170026496 7
1338627737892818950 11
1338627735023923200 12
1338627732608081921 20
1338627732352200708 5
1338627731668480000 11
1338627731400122369 6
1338627731177746433 24
1338627729344880650 12
1338627722856247307 7
1338627717563084806 5
1338627714044014592 6
1338627713314205697 19
1338627710244040704 7
1338627703013052416 24
1338627692065939456 3
1338627687770939393 6
1338627684419702785 21
1338627681685037057 14
1338627681605259264 23
1338627678786752513 20
1338627676630872065 11
1338627672486907904 7
1338627658377269249 5
1338627657953632258 9
1338627655332225026 7
1338627646528188417 21
1338627636063596545 4
1338627618753667072 16
1338627613556944899 19
1338627609287151616 18
1338627601556975616 15
1338627584142303233 5
1338627580107190272 14
1338627580094713862 21
1338627559936942081 26
1338627550948384768 5
1338627549543469056 5
1338627547349856261 6
1338627532145520641 22
1338627526764212224 18
1338627524641910785 15
1338627522309853186 8
1338627520002990080 14
1338627515766759426 6
1338627500671381511 9
1338627499379617793 16
1338627497244712963 5
1338627495109795841 2
1338627485102186497 9
1338627471248416770 6
1338627471005126661 12
1338627468517838848 19
1338627466311720962 5
1338627465392971777 8
1338627465317666817 10
1338627456878710784 4
1338627450264293376 16
1338627439988183040 7
1338627439203934213 8
1338627435403894784 4
1338627435135442946 20
1338627434858618882 15
1338627428353269764 14
1338627427384365057 20
1338627427170398209 17
1338627423487844358 22
1338627421822726153 20
1338627416718241792 7
1338627412670574593 15
1338627411676639237 6
1338627411085242375 5
1338627408539299842 25
1338627407943786497 10
1338627400016539649 8
1338627396086493189 8
1338627395683831808 10
1338627390650667010 12
1338627387123265537 14
1338627386749808640 20
1338627386531786753 6
1338627380554981380 10
1338627377988063242 17
1338627377862221827 19
1338627376457129984 9
1338627368261476354 6
1338627367028330496 6
1338627366101331968 17
1338627365593894924 12
1338627365455294464 3
1338627363459002368 14
1338627363421171712 8
1338627362045501440 7
1338627358786547712 9
1338627358157320192 19
1338627357133975554 19
1338627356127354881 17
1338627356047630337 17
1338627355103948801 9
1338627353812066304 7
1338627352578973698 16
1338627352574763008 17
1338627348216893441 19
1338627348183330826 5
1338627344563572736 14
1338627343166926851 19
1338627341032038400 22
1338627340117610497 11
1338627337622085633 9
1338627335453626371 18
1338627330621792258 8
1338627330344955904 19
1338627329917009920 19
1338627329908764676 18
1338627329829056517 17
1338627329459769345 6
1338627329363415040 18
1338627329342328834 11
1338627329199837184 17
1338627329157840896 15
1338627329082322944 7
1338627328935514115 8
1338627328835006464 13
1338627328533012491 7
1338627328465891329 19
1338627328402972672 16
1338627328398778375 10
1338627328310710274 14
1338627328310534144 11
1338627328239255555 19
1338627328235200520 17
1338627328218443777 7
1338627328193138689 6
1338627327694139392 6
1338627319926304772 3
1338627314402402304 20
1338627300108234753 24
1338627295565770757 14
1338627293154074624 5
1338627278985703430 5
1338627278423658496 9
1338627273549729794 10
1338627271800676352 20
1338627262149783555 12
1338627257670176770 9
1338627250116317190 7
1338627248555954178 10
1338627234953891842 14
1338627230608596993 11
1338627228167450625 9
1338627224933687299 5
1338627222618447873 7
1338627213961342976 8
1338627210723422208 5
1338627179215720458 15
1338627179085705217 15
1338627176308981760 22
1338627174212005892 12
1338627167635333121 17
1338627162824437762 3
1338627160270135297 9
1338627150140731393 24
1338627129211314177 22
1338627115068121089 28
1338627110638940166 24
1338627110349443072 16
1338627107849703426 23
1338627103886028800 3
1338627098538246144 10
1338627097988829187 14
1338627090942472194 5
1338627089940049920 17
1338627085942874112 23
1338627080905519105 4
1338627072990830592 8
1338627071073943553 15
1338627068075110400 10
1338627067991232515 8
1338627060512780288 6
1338627059850092546 18
1338627057744572416 13
1338627056616280070 17
1338627053545992192 20
1338627050265985024 12
1338627049511149570 10
1338627039079882753 7
1338627030309486592 21
1338627029021806593 7
1338627011493892106 20
1338627010634117127 19
1338627008767680513 7
1338626993060012039 21
1338626982712664065 16
1338626978581262338 23
1338626973535510530 2
1338626967818657793 19
1338626966086438912 16
1338626962777059328 2
1338626962345037833 9
1338626960390492161 4
1338626960084361219 6
1338626952266194946 4
1338626948533264387 12
1338626944779292672 4
1338626942963167232 21
1338626942166331398 15
1338626939523723265 9
1338626935644069889 6
1338626922633437186 17
1338626919802269698 6
1338626916866281473 11
1338626913405980674 7
1338626906456023045 6
1338626904119775235 9
1338626895999590403 18
1338626890882555909 16
1338626885912326151 6
1338626882900779008 7
1338626879503409157 13
1338626875992670209 23
1338626873140588551 19
1338626862134816775 15
1338626857483317249 2
1338626849908404224 21
1338626849350561794 5
1338626848264228864 24
1338626844724260866 10
1338626825866579970 20
1338626825862455301 8
1338626825107324928 15
1338626824998449154 15
1338626818228805632 20
1338626817184436224 20
1338626807625551873 14
1338626803259281409 9
1338626801682280449 6
1338626798003818497 20
1338626796917583878 19
1338626789715873793 24
1338626785869770753 12
1338626776306692097 10
1338626774062784516 8
1338626749718937601 21
1338626747986800640 4
1338626742479708162 9
1338626738813800453 20
1338626738524450817 21
1338626736746061837 9
1338626732660838401 8
1338626730618212352 21
1338626728940462081 23
1338626727451500549 5
1338626724175732739 21
1338626723894726659 5
1338626719985651712 4
1338626717431209986 18
1338626717284519938 16
1338626714612731904 22
1338626711148236806 6
1338626705984991234 4
1338626694735945736 13
1338626687282470914 21
1338626683318972417 10
1338626662381068291 16
1338626654378348545 4
1338626652813873155 5
1338626652436369408 3
1338626652431994880 13
1338626650087440385 14
1338626648258842627 5
1338626645830283271 17
1338626640524570625 5
1338626639459180549 7
1338626627643707392 9
1338626626158989320 9
1338626626037243904 9
1338626624988860419 11
1338626623474720772 5
1338626622325321728 4
1338626622312730624 17
1338626620865777669 21
1338626616902160384 7
1338626611944574980 7
1338626608161284104 14
1338626595129581570 11
1338626594282213377 9
1338626593674039296 9
1338626592818401280 9
1338626589802852352 26
1338626587269410816 3
1338626583406538756 9
1338626562183327745 9
1338626560258170881 8
1338626556038701061 21
1338626551852699648 15
1338626549151657987 12
1338626547327127564 24
1338626541010497539 7
1338626540662362114 15
1338626532454133767 6
1338626528062672896 6
1338626526187843594 6
1338626526137479170 7
1338626522702352384 12
1338626522299686915 5
1338626511742570496 20
1338626508735320065 25
1338626505132347394 24
1338626495233871874 13
1338626492260036608 6
1338626488531361793 9
1338626487172411393 17
1338626478100066307 7
1338626471091384321 15
1338626467782139904 16
1338626464351195136 20
1338626462400843777 12
1338626447502618624 9
1338626446902890500 23
1338626446798041090 8
1338626444939976707 8
1338626437830602761 18
1338626433338335234 11
1338626431702753284 7
1338626427894296577 7
1338626422823411712 5
1338626421187600388 2
1338626418943660032 20
1338626417869942790 19
1338626417337257985 3
1338626412274659332 19
1338626403051433987 21
1338626392078962693 19
1338626381756948480 17
1338626381048127489 12
1338626378003075073 26
1338626377898209281 14
1338626375805177861 10
1338626373049573378 8
1338626371636113409 18
1338626356872163330 5
1338626351880876032 13
1338626349045436417 5
1338626339050582021 9
1338626333874806785 9
1338626325255499777 10
1338626321988116480 18
1338626309459763200 9
1338626308796891137 16
1338626305546391555 8
1338626304850223110 18
1338626304623734785 6
1338626302002290693 25
1338626296725852161 10
1338626292506382343 10
1338626290862067713 15
1338626274185654272 14
1338626265071431680 9
1338626258486353922 13
1338626253939744769 13
1338626250487771141 10
1338626249892085761 4
1338626239498768384 10
1338626227997978626 5
1338626225779187713 19
1338626223669456896 5
1338626218946654208 7
1338626208137768961 4
1338626206116155393 22
1338626199728353289 5
1338626198814007302 6
1338626191272587271 11
1338626190924509186 5
1338626184675008512 13
1338626183064379392 11
1338626168904421381 11
1338626166039699457 8
1338626165993426944 19
1338626160872263685 11
1338626157294604289 23
1338626153779785728 15
1338626152848633858 21
1338626150537388032 15
1338626144510337025 23
1338626137887543298 3
1338626137325522948 16
1338626130941775874 12
1338626126445498371 9
1338626123861610497 19
1338626121525506048 14
1338626121521360897 7
1338626117104701443 8
1338626112373600267 5
1338626110347735040 3
1338626096770785287 19
1338626096024215554 8
1338626093935431680 19
1338626089745326087 7
1338626084519206913 7
1338626082640171010 10
1338626078764621825 6
1338626078148059137 9
1338626073085550605 6
1338626072729034754 7
1338626071751745536 16
1338626070145245185 20
1338626066584383490 13
1338626064340422659 12
1338626057243668480 8
1338626055301566464 9
1338626052919353350 6
1338626041632477185 4
1338626036884525060 20
1338626035370385409 17
1338626035034673153 8
1338626025513766913 15
1338626020900020226 8
1338626015191560194 20
1338626009747361798 8
1338626001836892161 18
1338626000498819072 24
1338625996048752641 5
1338625991288221698 13
1338625983226630145 16
1338625983113523203 10
1338625980378832903 5
1338625979040866304 3
1338625977283317760 11
1338625964318879747 16
1338625955426918400 5
1338625955259179009 5
1338625953333989377 3
1338625941359255553 5
1338625940558147587 23
1338625935298453512 14
1338625933608185889 4
1338625932588945408 4
1338625928348446721 17
1338625920777719814 5
1338625919423025153 5
1338625918701604864 13
1338625918156333066 5
1338625911814574080 7
1338625901681053696 9
1338625898623406086 8
1338625887269494786 18
1338625886795395072 5
1338625884627066883 11
1338625860446908416 33
1338625837642489856 14
1338625832168939522 16
1338625826271744001 6
1338625825864884234 6
1338625825076367360 10
1338625823507623937 4
1338625822857551872 8
1338625818516357121 8
1338625810819764224 10
1338625807187578880 23
1338625805862096897 24
1338625805744820225 15
1338625803039477762 25
1338625801906950155 5
1338625797003882496 6
1338625796961783809 14
1338625796760539143 9
1338625794277593094 23
1338625789609336835 15
1338625788829175816 11
1338625787185008640 3
1338625784685228034 15
1338625782130888704 18
1338625777567485952 13
1338625776699236355 7
1338625768482623488 13
1338625748828106753 16
1338625747230068738 6
1338625745103491073 15
1338625740527570944 14
1338625733023903747 13
1338625728624078849 14
1338625720382181376 21
1338625719266635784 21
1338625711985352705 13
1338625711767228417 10
1338625710018224128 22
1338625694696259584 15
1338625694230867979 10
1338625693501042692 10
1338625692263731203 9
1338625677508153347 12
1338625673070579712 17
1338625640958992386 21
1338625639167963136 2
1338625637754531849 2
1338625622499717120 4
1338625602950213635 16
1338625599917740034 10
1338625583530577922 6
1338625576639270918 9
1338625575695560712 28
1338625570536558603 6
1338625566031962114 3
1338625563569889281 17
1338625554933817347 21
1338625548709470213 13
1338625544716509187 7
1338625534411083777 22
1338625531940630533 3
1338625528652324866 18
1338625525695336451 14
1338625513884102656 20
1338625502500827136 21
1338625501674549248 4
1338625500990873600 13
1338625499585675264 11
1338625496607846401 9
1338625493621485570 14
1338625492900057088 3
1338625471379087362 6
1338625469898518529 11
1338625457827311616 5
1338625455482658821 6
1338625451602927624 6
1338625447542861825 19
1338625434762833930 9
1338625433584230401 5
1338625432678244353 8
1338625417905836036 6
1338625413191524352 13
1338625412939698176 8
1338625405285138433 10
1338625403741736960 12
1338625381709082628 13
1338625379209269250 9
1338625372448022536 2
1338625370682167297 8
1338625366789738496 4
1338625364197847041 21
1338625362830376961 8
1338625361253261312 8
1338625351350673411 10
1338625348288778244 11
1338625345042472961 24
1338625340688752640 10
1338625336020492289 3
1338625333822676993 9
1338625332182622208 12
1338625330647543810 4
1338625330165116928 20
1338625323680743426 7
1338625323580047361 12
1338625322875453441 11
1338625317750104066 18
1338625316852559877 11
1338625315308912643 15
1338625301706911747 6
1338625297156026372 21
1338625295356661762 9
1338625286846500867 13
1338625260955070466 17
1338625251937280009 6
1338625224909139968 18
1338625224716275720 20
1338625212372447232 20
1338625208773697538 16
1338625185226907650 6
1338625182420922368 18
1338625179191283713 5
1338625175970066434 19
1338625164569845760 7
1338625157020196864 21
1338625156323942405 11
1338625156038725635 13
1338625153266290693 16
1338625150078554113 11
1338625147608190981 4
1338625145322270720 9
1338625142256242689 15
1338625134463225857 2
1338625106294222849 7
1338625104671027200 2
1338625094793523201 8
1338625091534548994 14
1338625082437087242 9
1338625068801339392 8
1338625067849224193 6
1338625065022271489 10
1338625063965306880 3
1338625063562735621 8
1338625063323623424 19
1338625061390077953 4
1338625059427135494 14
1338625058768621572 21
1338625056264556545 9
1338625040271732736 9
1338625038568787969 20
1338625036614316032 13
1338625030209605634 14
1338625020856299524 7
1338625009519095809 10
1338625004871823360 15
1338625004574019585 11
1338624992343371780 11
1338624991131217920 5
1338624990149816320 21
1338624988715364355 4
