1338578649759571969 3
1338578649663107073 21
1338578647666618368 16
1338578640942948352 6
1338578640532090882 16
1338578640301244416 23
1338578636325203984 8
1338578636107108352 7
1338578624295952386 16
1338578624132374528 21
1338578620932034563 6
1338578620923592705 6
1338578615102042117 12
1338578612354736130 24
1338578612174381056 9
1338578609968123912 9
1338578604549136389 16
1338578591936864265 18
1338578591194501121 2
1338578584995311621 15
1338578584244547585 3
1338578581937647617 9
1338578581207846915 17
1338578579001634818 3
1338578565751844864 28
1338578560055971840 12
1338578544889393152 8
1338578542309814275 11
1338578539034144768 25
1338578538648260614 17
1338578536504975367 2
1338578535464595456 9
1338578531199057920 15
1338578524643454976 24
1338578522135293954 10
1338578521598332930 6
1338578518406541314 19
1338578517345361922 14
1338578515617337368 9
1338578514317021189 9
1338578513088176129 18
1338578512991694861 9
1338578505790009345 9
1338578504779173888 22
1338578498001268744 5
1338578494163390472 10
1338578493324619777 7
1338578490791227400 7
1338578483442819074 8
1338578482192904192 10
1338578482155163649 20
1338578470499209218 18
1338578469844905993 12
1338578469471580171 7
1338578460948770818 15
1338578458587357188 19
1338578456846757890 6
1338578455278084102 4
1338578450223943681 4
1338578445199171586 19
1338578444557447172 21
1338578440803520512 9
1338578438328881154 4
1338578437817196549 9
1338578437569646595 10
1338578437133447168 21
1338578432557461507 6
1338578431588659200 6
1338578429466177537 6
1338578426396090369 19
1338578418883936256 9
1338578407110619136 8
1338578404891881475 8
1338578392162164738 11
1338578391289761800 15
1338578386831241218 10
1338578374390845447 26
1338578371840798725 17
1338578370448265216 7
1338578362445553666 10
1338578362277769218 10
1338578360621031424 11
1338578355554160641 21
1338578351028498432 21
1338578350139449344 9
1338578347144712196 13
1338578343814434817 21
1338578343332110342 8
1338578343072051201 18
1338578337489330176 16
1338578336021442563 11
1338578335979495437 7
1338578332556926983 10
1338578329046118401 15
1338578326852677639 20
1338578326345101312 5
1338578322092077068 11
1338578320699625474 19
1338578320334737410 7
1338578318149476353 15
1338578309421162500 7
1338578309366640641 8
1338578306430423040 7
1338578305537236993 21
1338578305482625029 14
1338578304924745729 7
1338578303935000580 7
1338578297748402179 8
1338578296339111942 20
1338578289150087172 3
1338578286407016454 8
1338578285631057921 15
1338578285471690752 13
1338578284041400322 7
1338578281512177669 23
1338578281008930818 15
1338578279020818433 20
1338578263149604868 6
1338578262528815112 9
1338578262453313536 8
1338578261241176067 9
1338578260402253825 11
1338578259865464834 12
1338578257227210752 11
1338578255515967499 8
1338578255218049025 21
1338578255171842048 9
1338578255151050752 17
1338578255079559168 11
1338578255071358979 8
1338578255041896449 8
1338578254987407363 11
1338578254932844551 13
1338578253016129536 14
1338578248515477504 9
1338578241804771328 6
1338578238256386049 3
1338578236461215744 6
1338578235102273548 13
1338578226382299137 4
1338578225895714816 20
1338578222443864072 14
1338578219486883840 31
1338578214126546944 3
1338578203569512458 7
1338578187283001344 19
1338578185412337665 20
1338578175723450368 8
1338578161148321803 4
1338578155120992256 12
1338578153988612097 12
1338578152042483716 14
1338578143494467585 12
1338578127186964481 14
1338578125014388737 8
1338578123080806407 10
1338578117317758982 7
1338578117233926148 3
1338578112754413571 9
1338578111328362497 6
1338578100733571076 5
1338578097403211783 18
1338578089304092679 6
1338578088142245894 21
1338578075806806019 12
1338578071172026370 21
1338578067367862273 9
1338578065987948549 6
1338578064943493120 8
1338578053295960066 20
1338578052784205824 7
1338578049890185217 6
1338578045330989056 11
1338578031523328012 4
1338578026104201217 4
1338578021599633408 15
1338578020794310657 11
1338578015824072705 3
1338578003291463680 5
1338578002058366976 15
1338577999877328897 13
1338577996563832841 12
1338577995544530944 20
1338577992084316166 7
1338577979606102017 21
1338577971414757377 8
1338577969380515842 17
1338577961923055631 10
1338577957284163584 12
1338577955325431809 20
1338577953224060936 15
1338577952066461699 16
1338577942700564480 8
1338577942553751562 9
1338577941937217536 8
1338577937159884801 17
1338577936430080008 15
1338577930721628165 16
1338577930578964482 14
1338577893136474112 8
1338577889294487553 25
1338577886689673216 5
1338577886635323393 2
1338577886253445120 8
1338577874572488704 17
1338577871045087232 15
1338577866011926539 11
1338577862966775809 13
1338577861352034305 14
1338577860265697281 7
1338577855974952962 14
1338577854116847618 7
1338577851742908416 6
1338577850031607809 13
1338577849767383040 9
1338577849050148866 20
1338577848769114115 6
1338577847640870912 23
1338577846969757697 9
1338577846009270272 6
1338577845023551489 6
1338577842863550465 14
1338577835196289024 5
1338577834894299139 16
1338577832637820929 3
1338577831434072064 14
1338577815088795654 4
1338577814442946562 24
1338577810689036289 21
1338577809493676035 18
1338577801725800454 3
1338577790959030278 4
1338577787800653825 17
1338577779965747202 24
1338577778761936903 19
1338577776606138369 15
1338577773703598081 12
1338577771723943941 9
1338577756179869699 5
1338577751901687816 5
1338577745274695680 5
1338577737737375744 11
1338577730418438148 5
1338577725615988738 9
1338577721908146179 21
1338577714677248000 14
1338577704988323842 6
1338577703042158593 6
1338577692858441728 5
1338577692262797314 3
1338577689381363716 21
1338577677343744001 8
1338577676941094913 9
1338577675905097733 14
1338577669047398411 17
1338577652668633094 15
1338577646083596291 3
1338577644737138688 3
1338577638324117513 16
1338577636185042944 7
1338577635237048320 14
1338577631881687046 26
1338577627796398083 5
1338577619185410049 11
1338577618438922242 20
1338577610310377472 25
1338577605864337408 14
1338577605436518405 2
1338577595445747715 8
1338577589192036354 19
1338577587753394179 8
1338577585383628800 12
1338577585115115527 8
1338577578823704576 4
1338577574801383425 20
1338577562952351745 17
1338577554563854342 12
1338577539422416896 4
1338577530824110081 10
1338577527913074689 7
1338577526872965120 24
1338577525413449730 5
1338577525384032258 18
1338577518815813640 6
1338577517549137925 22
1338577515309371392 11
1338577514269188097 9
1338577514021744641 8
1338577510922137602 26
1338577505599557634 8
1338577500163760133 9
1338577500067287040 6
1338577492664328193 30
1338577490332233736 20
1338577488532922378 22
1338577480198877185 7
1338577476948267008 24
1338577470900080640 6
1338577469188820993 4
1338577459495792645 15
1338577458770157574 2
1338577449538494467 17
1338577447441362944 8
1338577447063842818 6
1338577444190756868 2
1338577442701791233 19
1338577439107248134 16
1338577438163546116 7
1338577437202870272 19
1338577432945823744 13
1338577428868952065 2
1338577426532757504 17
1338577419633102849 20
1338577406991474688 21
1338577404902649857 16
1338577384174399488 6
1338577383604031490 5
1338577379367776258 17
1338577377971015685 10
1338577373692833792 32
1338577363626553346 9
1338577362573811715 6
1338577359855874049 3
1338577353530896391 17
1338577352939491329 9
1338577347155537922 15
1338577332584525826 7
1338577331187757058 14
1338577328344010756 9
1338577325043183619 4
1338577318097326088 9
1338577308043661315 14
1338577304717504518 18
1338577301844463618 1
1338577285897719817 21
1338577265169350656 2
1338577261432336388 18
1338577255379972098 9
1338577255254159361 8
1338577254956363778 14
1338577248660623364 13
1338577248434216961 6
1338577246341259265 12
1338577243388452867 7
1338577239429029889 8
1338577231543758857 19
1338577223536816130 17
1338577219749339137 7
1338577218415443968 23
1338577216209350656 13
1338577215986880513 8
1338577207745196032 12
1338577202691121163 12
1338577181090455552 19
1338577177361731589 2
1338577171875508227 2
1338577171594399744 20
1338577164510384130 12
1338577161553391622 11
1338577158688608257 12
1338577156620705796 9
1338577148978847745 5
1338577146772643847 22
1338577138291781637 11
1338577133824774145 16
1338577131882811393 17
1338577127340449794 8
1338577124534472704 11
1338577122835779584 18
1338577120868642816 6
1338577115676078081 17
1338577113364959239 2
1338577111938785280 11
1338577110672273410 22
1338577106545102849 13
1338577103126663179 4
1338577097028153345 9
1338577096520724480 5
1338577093903470594 3
1338577079709937664 16
1338577076874428416 14
1338577075041677320 17
1338577072881623040 17
1338577072114032640 17
1338577064195223554 18
1338577056951463936 7
1338577047967453184 8
1338577047556415488 9
1338577045887086592 7
1338577041579515912 13
1338577040921010177 19
1338577039448797186 18
1338577038005985284 18
1338577035623608324 26
1338577033862008835 20
1338577032679215112 8
1338577030439301120 9
1338577030003224581 5
1338577027042074625 15
1338577024697430017 8
1338577012236095489 7
1338577006280257536 5
1338577002303991808 18
1338577000504696834 7
1338576996926967811 18
1338576996780056576 10
1338576996759113735 15
1338576996675198976 24
1338576993294708738 20
1338576989440106500 10
1338576987422593029 9
1338576987330387970 26
1338576985946198017 22
1338576984243396620 7
1338576982985076736 21
1338576973556289537 17
1338576967608709120 5
1338576967008985089 8
1338576964194603019 15
1338576958553198594 21
1338576951041269761 19
1338576948071698433 5
1338576943340384256 18
1338576940375138308 14
1338576939871653889 11
1338576936411541507 6
1338576934452781058 14
1338576930086457345 17
1338576925317496832 11
1338576920993206275 2
1338576915062525955 9
1338576894569099266 5
1338576892631285760 20
1338576889988976640 15
1338576882888024066 8
1338576874679787523 6
1338576868128272385 12
1338576863770316801 20
1338576862549864449 7
1338576851946573824 10
1338576848343666689 16
1338576839753666560 3
1338576831625056257 15
1338576829968474119 15
1338576828160749568 19
1338576827040882693 12
1338576826168434696 11
1338576824717242370 12
1338576822833975297 11
1338576819461689344 11
1338576815208734723 8
1338576809609334785 12
1338576809449811969 8
1338576807570894860 4
1338576806836887558 15
1338576802445451271 13
1338576802248273920 12
1338576791888424960 5
1338576790294568965 5
1338576777040564236 17
1338576769327173637 29
1338576767993470976 8
1338576766374391808 9
1338576757763547138 7
1338576753447624707 14
1338576747638513664 24
1338576742085222405 14
1338576735986720769 23
1338576735214989312 8
1338576734602604550 16
1338576732501254151 16
1338576723781312513 7
1338576723047313410 17
1338576719394050052 18
1338576714083942400 7
1338576698183471104 19
1338576695826075648 6
1338576692307259393 10
1338576669548965891 22
1338576664373161986 11
1338576661822976001 16
1338576661160275975 19
1338576657695854598 15
1338576652377452548 6
1338576640922824704 3
1338576630734712832 10
1338576630395117577 22
1338576629472354305 7
1338576629392572418 10
1338576628885188608 6
1338576628159377409 10
1338576624862826496 19
1338576624195952641 6
1338576624162398208 6
1338576618290286594 4
1338576611344601093 7
1338576607813005313 29
1338576600120627200 19
1338576598761660416 16
1338576598564548608 11
1338576591149019136 10
1338576577077055490 4
1338576571582525440 8
1338576546429276162 4
1338576528846753792 17
1338576527747899392 17
1338576519774527489 21
1338576511331430402 10
1338576508265250816 5
1338576505312428032 11
1338576504305954816 2
1338576504188514304 14
1338576498916253696 17
1338576487881076737 4
1338576481849634817 15
1338576477927985159 12
1338576463164039170 25
1338576462354522112 20
1338576462320971779 10
1338576459443671042 6
1338576454108459009 13
1338576453747830784 20
1338576447095500801 2
1338576441601089541 10
1338576436073029640 8
1338576425671122945 16
1338576424870039554 5
1338576416963776524 21
1338576410504384513 8
1338576406452850692 30
1338576396461944834 1
1338576395094659072 12
1338576373980536832 22
1338576369782022152 10
1338576362257453057 8
1338576360088825858 16
1338576354628014080 12
1338576348248485891 8
1338576339457232897 4
1338576338140209153 6
1338576326459060252 9
1338576322231197703 14
1338576322054909952 8
1338576321623035904 10
1338576294641078278 7
1338576292367773703 4
1338576280787312640 2
1338576278006489090 13
1338576277247320067 20
1338576268288253953 6
1338576262282014720 16
1338576256317546496 18
1338576254476320768 6
1338576253289455617 18
1338576251808788485 9
1338576250722525186 26
1338576250517004288 6
1338576249254502400 5
1338576246163316736 4
1338576241654444034 17
1338576240505217033 19
1338576229247672322 24
1338576220963950594 7
1338576211140861953 13
1338576208838225921 13
1338576198964752384 15
1338576197450571776 21
1338576194963468292 17
1338576194657275904 11
1338576194032324608 19
1338576170711912448 14
1338576155159441413 18
1338576148146647042 7
1338576146741465091 13
1338576144975736832 12
1338576142425583617 8
1338576142379470848 9
1338576141460901890 12
1338576140441686018 14
1338576137941880838 11
1338576136880721920 13
1338576135399956480 12
1338576134762586114 18
1338576131738447873 7
1338576130429788160 6
1338576128391450627 19
1338576119856062464 7
1338576117775495169 9
1338576117196869635 5
1338576108573388800 19
1338576106807496705 10
1338576102432911360 23
1338576085504712717 22
1338576075572568066 7
1338576070757511170 14
1338576058656956420 24
1338576056383639553 7
1338576056006139908 10
1338576053288235008 9
1338576044073181184 14
1338576041481285640 20
1338576040004825155 11
1338576034455687169 6
1338576019079491592 19
1338576015841501184 19
1338576005687091200 16
1338576002100944896 4
1338576001899651072 17
1338575999987048449 11
1338575999164968964 20
1338575992944734208 12
1338575990101073928 4
1338575990071635968 8
1338575985227259909 8
1338575981142024194 5
1338575964893229059 6
1338575961583915018 24
1338575953874718720 8
1338575952092262403 7
1338575946241236992 9
1338575945133920258 9
1338575938037100546 14
1338575927853322248 21
1338575913412423682 7
1338575911294263296 13
1338575911160066062 3
1338575904298176517 14
1338575899973677058 10
1338575897520197633 9
1338575895313911808 21
1338575883628650503 10
1338575881636286465 14
1338575875038617600 7
1338575873864298496 4
1338575869959409674 4
1338575869816745993 28
1338575864821374976 12
1338575856957075465 4
1338575856109805574 8
1338575854054612995 10
1338575852959895560 17
1338575845858955265 24
1338575845170925568 7
1338575842897764354 8
1338575840553168896 10
1338575836535009280 12
1338575821355814912 7
1338575817387945994 10
1338575812203864079 11
1338575812082114560 24
1338575811172036609 8
1338575808894537728 15
1338575798098227200 11
1338575797993562112 11
1338575791156850688 17
1338575789839835146 5
1338575788023685120 5
1338575786941575173 10
1338575786853494785 18
1338575784680820746 18
1338575782407528451 10
1338575782105505799 16
1338575777156263939 6
1338575774601895936 16
1338575767823855617 11
1338575746370039815 23
1338575738841169927 9
1338575738258255874 12
1338575736748302336 7
1338575735909470209 7
1338575731794784256 7
1338575728770682888 19
1338575722701533186 21
1338575721854345218 17
1338575719958540290 10
1338575717383217153 6
1338575716892499971 6
1338575709380501504 19
1338575708856135681 13
1338575699188338689 4
1338575696898166784 9
1338575696860426240 11
1338575695606374401 9
1338575695245697027 6
1338575693324677123 25
1338575685229666304 9
1338575672743239682 7
1338575666359496708 19
1338575662987300865 7
1338575638991659008 14
1338575630049435650 5
1338575624936579078 20
1338575623573401607 26
1338575623250329601 24
1338575613892947969 8
1338575611758059522 12
1338575608809279488 5
1338575601699995648 12
1338575599238049792 15
1338575599007395841 23
1338575598646677505 7
1338575590518042627 7
1338575589326778368 6
1338575585623334912 9
1338575583912079362 5
1338575581693288452 12
1338575580577419264 11
1338575578958458880 5
1338575574793641986 18
1338575568351195139 14
1338575559182458881 9
1338575544552747008 20
1338575541486706688 22
1338575529486790657 21
1338575528945741826 4
1338575519315615752 18
1338575516262084610 8
1338575514680893440 17
1338575504069324803 18
1338575503586775040 24
1338575480824348673 10
1338575480161755139 7
1338575474512031745 11
1338575473350238208 7
1338575471961927680 6
1338575468057010178 21
1338575447756595204 18
1338575427057676288 15
1338575409823186944 8
1338575408686624768 13
1338575387538857984 6
1338575386511355909 6
1338575386335178755 16
1338575381792759810 16
1338575380878221313 6
1338575377682341892 15
1338575374255616000 8
1338575372342894592 20
1338575363602083843 19
1338575359802023938 19
1338575358484942849 10
1338575334644576259 23
1338575331779874819 15
1338575331561652224 7
1338575331142340609 3
1338575327329718274 4
1338575325039636480 1
1338575322464325637 19
1338575303225061376 4
1338575296774230016 14
1338575291854311424 13
1338575291187392512 13
1338575268961726466 25
1338575258220191749 7
1338575252604006401 6
1338575248757764096 6
1338575237793931265 15
1338575235440766976 5
1338575222161739777 20
1338575219276066816 4
1338575212556718090 24
1338575211717926913 22
1338575193497886723 7
1338575177655922688 5
1338575176901021696 19
1338575165307817985 22
1338575157141544960 6
1338575151424794625 21
1338575151307362306 21
1338575147859464192 13
1338575142088290308 10
1338575139118702593 14
1338575130277056513 9
1338575126586077194 25
1338575115508994051 4
1338575113407574019 7
1338575113059512323 6
1338575106407329803 8
1338575106344411142 6
1338575104444346370 20
1338575098282962944 16
1338575085632954368 13
1338575074614456321 20
1338575060043321344 18
1338575053366075392 22
1338575044197363716 22
1338575039600480257 9
1338575037125840896 3
1338575035552903168 22
1338575031585046528 6
1338575016477257728 10
1338575015575494659 8
1338575013851529216 19
1338575011498569728 7
1338575004284366852 7
1338575000580796425 15
1338574995300167683 17
1338574992401895429 12
1338574989306564609 20
1338574988920713216 13
1338574983753330690 20
1338574983686131718 9
1338574979881971713 8
1338574975637352448 14
1338574973439447040 8
1338574968527863808 12
1338574952396709894 6
1338574947556454409 20
1338574937846636544 16
1338574935766208513 21
1338574935669747717 7
1338574931903311874 18
1338574926882738184 9
1338574925762850816 17
1338574916262748160 18
1338574913179889668 16
1338574910935928832 16
1338574905433001990 17
1338574904472588290 21
1338574893710008323 12
1338574892879450112 17
1338574890832687111 9
1338574884977381379 7
1338574881693323265 18
1338574870930714629 16
1338574866434281472 8
1338574856888127497 17
1338574854056890368 10
1338574852584857600 12
1338574850894475265 22
1338574850286358530 15
1338574845332893696 11
1338574843625807872 7
1338574838441644036 9
1338574835480399872 18
1338574832456364034 8
1338574827171536897 14
1338574824373968897 16
1338574821765115904 8
1338574820565544961 3
1338574820494221321 7
1338574818371805184 10
1338574811241586691 20
1338574809974902784 10
1338574808896954376 7
1338574802588721156 13
1338574801821192195 12
1338574799044481030 22
1338574789787734017 6
1338574786084081664 20
1338574785169612800 25
1338574780535091200 24
1338574779863937025 8
1338574756619096065 27
1338574755604148231 23
1338574750487031809 17
1338574747337158659 8
1338574744426262529 10
1338574743419686913 16
1338574741934731265 8
1338574737518317568 6
1338574736293552132 12
1338574732153810944 18
1338574732132712448 5
1338574731918913537 18
1338574728047423488 9
1338574726608850952 21
1338574722074865667 15
1338574717343703040 18
1338574717058490368 3
1338574713103273985 21
1338574709806526465 19
1338574701090762757 27
1338574700314759168 17
1338574700214104066 19
1338574697336885251 14
1338574690298675200 11
1338574684791713792 16
1338574684456177667 23
1338574683944398849 15
1338574683814457345 19
1338574679737589760 11
1338574676029829121 11
1338574666752004103 18
1338574660502507524 9
1338574659965636609 19
1338574657360945160 9
1338574655985160197 6
1338574652411621378 8
1338574651275022336 14
1338574651124047872 15
1338574650264137737 20
1338574649010102278 3
1338574648456450048 16
1338574645658873865 19
1338574641863020544 6
1338574637052141582 17
1338574628856455174 7
1338574627979800577 7
1338574626314735617 6
1338574625626861568 3
1338574623575842825 7
1338574621323431941 17
1338574616483213313 10
1338574614444855299 4
1338574611101966336 12
1338574610380566528 9
1338574609558478852 7
1338574605934465024 16
1338574605817163777 22
1338574596333821952 18
1338574590860283906 10
1338574590629572612 23
1338574585462079489 10
1338574580886155266 10
1338574573919494146 8
1338574563362234368 8
1338574561982500874 10
1338574558593486853 18
1338574551584829446 14
1338574550632714247 13
1338574545582780421 8
1338574545524060160 17
1338574545456869377 13
1338574542705479682 8
1338574540998324225 20
1338574534815977472 7
1338574534589382656 9
1338574533695959040 9
1338574525986971648 10
1338574523076124685 12
1338574518827159553 9
1338574518491770880 8
1338574517724205056 6
1338574513093505025 9
1338574512707817475 6
1338574509973139456 14
1338574509964742658 22
1338574499529121793 9
1338574492063264769 7
1338574487910973441 10
1338574487684407297 7
1338574486539530241 12
1338574486531084289 17
1338574486266925056 18
1338574485713121282 7
1338574485679534080 7
1338574485520343041 8
1338574485495156737 12
1338574485411090432 16
1338574485407084547 15
1338574485000228864 10
1338574484643573760 16
1338574484580814853 10
1338574484572278784 15
1338574484463255552 19
1338574484433821696 13
1338574484396072960 7
1338574484375138304 16
1338574484358348800 14
1338574484199120898 17
1338574484161372161 21
1338574483901337604 11
1338574483590934529 7
1338574483565780998 18
1338574483397910529 10
1338574483288776704 18
1338574483167322113 21
1338574483037192192 18
1338574482986950657 7
1338574482823405568 8
1338574482819014657 16
1338574482609496070 18
1338574482575773696 16
1338574482471063554 24
1338574482420637696 20
1338574482282319872 7
1338574482273951753 20
1338574482240258048 7
1338574481724469248 11
1338574481707528192 24
1338574481602670592 8
1338574481309261829 12
1338574481011326978 10
1338574480940146688 13
1338574480507981825 11
1338574480507981824 13
1338574480491171842 6
1338574480461983748 15
1338574480445235206 22
1338574480415875072 22
1338574480315019264 22
1338574480134664192 18
1338574480113864707 5
1338574480004812801 22
1338574475227500544 5
1338574469594566660 16
1338574467304480769 19
1338574459901530112 11
1338574458823512065 14
