1338634876342431751 16
1338634873741963264 24
1338634873540661250 12
1338634873167376385 18
1338634863436566528 5
1338634863327502338 12
1338634852720136195 20
1338634841521332226 19
1338634830829989890 18
1338634825960464386 6
1338634825905934337 7
1338634818700128259 7
1338634816678453249 7
1338634814296092673 14
1338634813058797570 7
1338634811053928451 8
1338634806104641538 7
1338634801939705858 25
1338634800312225795 14
1338634791701233664 12
1338634788249493506 14
1338634778451566596 3
1338634778086678534 4
1338634761347026944 12
1338634749489934336 19
1338634742619639808 7
1338634734495264768 4
1338634732662349828 10
1338634725129211905 11
1338634721786535939 5
1338634718691139589 18
1338634716971491329 5
1338634708977033221 15
1338634706154360838 5
1338634706150100997 7
1338634697795104770 10
1338634688538300417 10
1338634687741382657 11
1338634685048627200 23
1338634680967581698 5
1338634670855114754 4
1338634657668141059 17
1338634654048530433 25
1338634651817095168 22
1338634651280273414 23
1338634641620824070 13
1338634638407954437 11
1338634629826424834 16
1338634628555542529 24
1338634626651234305 10
1338634619101515778 10
1338634616106848257 6
1338634615653883904 20
1338634614513000449 8
1338634608280285187 23
1338634604597620736 24
1338634603716882433 15
1338634602043334658 19
1338634585865920512 6
1338634579629006852 20
1338634561098551298 8
1338634560284790786 12
1338634559068356612 10
1338634551728500736 9
1338634544501682176 2
1338634531063160832 11
1338634527560884226 9
1338634522775203840 3
1338634518803132421 14
1338634504932634626 8
1338634504588713986 10
1338634504412524545 14
1338634504395603969 12
1338634501723971584 6
1338634496057495552 14
1338634489812152321 21
1338634479628410881 3
1338634478453927942 5
1338634470841266177 5
1338634470686076928 1
1338634468983271426 14
1338634464147234816 22
1338634463929053184 16
1338634463476146176 10
1338634447244169216 6
1338634440407396352 11
1338634438280790016 19
1338634433512038402 12
1338634424573956100 19
1338634417703677957 13
1338634413027061761 3
1338634410095222786 2
1338634408497180680 14
1338634401333317632 14
1338634394823782400 21
1338634393192108032 6
1338634375223799809 29
1338634374871334912 20
1338634371448909828 3
1338634365954371584 21
1338634329296134144 12
1338634325890371584 19
1338634312535724032 24
1338634308756656129 21
1338634307980697607 7
1338634306441400325 11
1338634298363174917 9
1338634297989804032 18
1338634287365595139 8
1338634271418949633 29
1338634270550740992 11
1338634268436795392 26
1338634262036287488 9
1338634257061785600 32
1338634249944043520 15
1338634248698421249 13
1338634247154913280 7
1338634242071334914 7
1338634239689056262 4
1338634235075244032 6
1338634234525868043 10
1338634227198398465 3
1338634226212564992 17
1338634221171118089 2
1338634216716820483 21
1338634214409990146 18
1338634213881507840 3
1338634212585463812 16
1338634212069548035 23
1338634210995793921 5
1338634203697700864 20
1338634196223479814 6
1338634195581739008 6
1338634194285682690 4
1338634188967251969 5
1338634160932589573 22
1338634156650192898 16
1338634154112585729 22
1338634151768035333 6
1338634140762173441 7
1338634134499913728 10
1338634131941548034 7
1338634129768853504 9
1338634129697427457 6
1338634117269876736 14
1338634108830879747 3
1338634104347254784 4
1338634100752723968 21
1338634098345205760 9
1338634097393070081 20
1338634093748215808 21
1338634093685305344 15
1338634087360294912 4
1338634079869267969 23
1338634079474835458 30
1338634079298748416 2
1338634075813404672 22
1338634067856809986 7
1338634060458029056 10
1338634058700648448 9
1338634053470314499 17
1338634052132368384 15
1338634040547676162 6
1338634034876968961 9
1338634028744892416 8
1338634018842173444 10
1338634015239245825 18
1338634002236801025 7
1338633989247078402 20
1338633983706402818 8
1338633979738664962 17
1338633969454215172 17
1338633964953559042 8
1338633962806272000 6
1338633960826556419 20
1338633959262081025 7
1338633956577726466 24
1338633956057636867 16
1338633952714772480 17
1338633947241213952 4
1338633943973650432 16
1338633942547697665 9
1338633934926647299 13
1338633930195386369 12
1338633925393002497 13
1338633923828600832 5
1338633921089728513 22
1338633921081335814 12
1338633915951702016 5
1338633914802266120 6
1338633912533348356 16
1338633907848183808 11
1338633903549067264 3
1338633903402344451 7
1338633897257660428 23
1338633882296606720 7
1338633877330554885 16
1338633875631828992 7
1338633868522434561 3
1338633862734376960 9
1338633861736013825 17
1338633857306857472 17
1338633846124900356 6
1338633845680300034 9
1338633842345857024 2
1338633836096331776 27
1338633833516855297 10
1338633832250150913 10
1338633831063105542 10
1338633828450045954 19
1338633826118094848 3
1338633825346326528 9
1338633821420457986 5
1338633793683517441 8
1338633792676880385 10
1338633792295202816 5
1338633766856663041 11
1338633766261157888 3
1338633754684792832 10
1338633749672714242 9
1338633740877258752 7
1338633730123063297 4
1338633727807787011 5
1338633725224099840 19
1338633719943487490 3
1338633718055882752 6
1338633715786911745 11
1338633714335682562 21
1338633708497219586 8
1338633708413341700 5
1338633706198749187 22
1338633704571277315 12
1338633688339386368 3
1338633661546164225 14
1338633645150642176 12
1338633641430294529 26
1338633640520130561 13
1338633632253177856 8
1338633631384936450 6
1338633629249851393 2
1338633628155334657 4
1338633622383898625 6
1338633622132158466 4
1338633621427515393 6
1338633619938611201 15
1338633619724615682 17
1338633615081607168 3
1338633600527425536 7
1338633591761350659 14
1338633586157756416 4
1338633582789726208 17
1338633582403858438 5
1338633579375554563 5
1338633578658361352 18
1338633576443752454 9
1338633575353159680 11
1338633571263795201 25
1338633564636712963 7
1338633560148815874 17
1338633553886777344 12
1338633545011617792 6
1338633537956827138 12
1338633530998476800 9
1338633526795636736 24
1338633523163443202 11
1338633516125462529 7
1338633510051966976 17
1338633503177539584 18
1338633494432366593 7
1338633476900335616 7
1338633475130318849 5
1338633470134939651 19
1338633468268457985 9
1338633467790315523 7
1338633464585670657 17
1338633461666549763 14
1338633457904340993 5
1338633450115493890 14
1338633449729613827 7
1338633447598940161 6
1338633441764663296 6
1338633441114394624 16
1338633436978929666 24
1338633434923737089 14
1338633429215285253 6
1338633428313452545 7
1338633409569173504 7
1338633392838074370 6
1338633376694235136 9
1338633375918268417 7
1338633375628791816 16
1338633375293304832 7
1338633374269722625 5
1338633369815486475 15
1338633368716664840 5
1338633358537093122 3
1338633356456628224 20
1338633354829127680 17
1338633352585375746 21
1338633341810188288 17
1338633337351491586 9
1338633328581373961 11
1338633301234495488 9
1338633291407253504 17
1338633290773893120 21
1338633266618920962 6
1338633254686109696 10
1338633252160978945 8
1338633250508509184 6
1338633250370154503 7
1338633241427910656 5
1338633241125941270 8
1338633235782377473 23
1338633232091328513 19
1338633227045642242 10
1338633223237230592 19
1338633221873885184 7
1338633219852406785 24
1338633216576647168 11
1338633214454157313 12
1338633210079666176 18
1338633191956078596 26
1338633170032406539 12
1338633166999986176 10
1338633166534348804 17
1338633162101022722 11
1338633150503718913 21
1338633143855755264 11
1338633140143874049 2
1338633129628741632 22
1338633124327124992 16
1338633122842202113 9
1338633117360394240 2
1338633113921073165 14
1338633107306590209 25
1338633101266792450 6
1338633098372796416 21
1338633096200065030 15
1338633085097824263 7
1338633067695640576 12
1338633045348413443 6
1338633045184745472 6
1338633035076538369 7
1338633022837575680 18
1338633020442628098 8
1338633016957132803 22
1338633016621604869 12
1338633014918733824 19
1338633007289217034 10
1338632993565515776 7
1338632990709207042 11
1338632980303138818 18
1338632969360207873 21
1338632958794731524 18
1338632950196412416 4
1338632949177180160 10
1338632925051453441 3
1338632920584564741 8
1338632919796117506 20
1338632911990484999 8
1338632907779309568 20
1338632884890943488 6
1338632879581093893 12
1338632875839729667 11
1338632865177808897 14
1338632860505436162 24
1338632856558579714 12
1338632855564509190 15
1338632853228314625 13
1338632849507946496 12
1338632838208495616 9
1338632837046657024 15
1338632829010403329 6
1338632821607424002 3
1338632820235833344 5
1338632817580847104 16
1338632811960537091 8
1338632809963982851 20
1338632809666240514 8
1338632803215413266 4
1338632802938613761 5
1338632800744960001 10
1338632782545891328 7
1338632774304079872 10
1338632758692892673 19
1338632757010984963 20
1338632756276965377 16
1338632755618394112 29
1338632752644694018 7
1338632747171131392 10
1338632742955855875 8
1338632715566977030 8
1338632714971439111 11
1338632706893225984 10
1338632700148781060 6
1338632691823112192 21
1338632690996715520 5
1338632690199789568 10
1338632687561609217 14
1338632678032097280 2
1338632673393340416 12
1338632665604390913 7
1338632660751671297 8
1338632658092437506 15
1338632657585008649 10
1338632656473427970 19
1338632646864277504 7
1338632645475962883 20
1338632641529192450 17
1338632639167795201 4
1338632630451965955 20
1338632629294419968 22
1338632625607634947 6
1338632623573307393 12
1338632622260543490 11
1338632613116997633 8
1338632610872954886 15
1338632609061105666 10
1338632609014968320 7
1338632591398858757 14
1338632589058379781 9
1338632586055340032 12
1338632580070060034 5
1338632558167404548 19
1338632554254102528 26
1338632548801458178 17
1338632542723969024 25
1338632539620003846 12
1338632533660065792 9
1338632522234781696 15
1338632514982858758 19
1338632514982723584 11
1338632509454753793 7
1338632508804653056 28
1338632508309708800 6
1338632507831541762 24
1338632502802436096 5
1338632497404395522 8
1338632491771564036 17
1338632491519922180 13
1338632491066929152 9
1338632485966639104 6
1338632485710786561 21
1338632483164794887 12
1338632479763296257 18
1338632479721271296 17
1338632471525666816 16
1338632454282899456 4
1338632452802273281 3
1338632451455938560 10
1338632449518149633 8
1338632443612499979 9
1338632442123530242 24
1338632437966880769 23
1338632426659041280 7
1338632421957382144 18
1338632417570029568 22
1338632411949785089 18
1338632410712293376 20
1338632410481758208 8
1338632408090947588 11
1338632407264727040 22
1338632405440225280 11
1338632398108430337 4
1338632392676872194 30
1338632387463360512 4
1338632385643089920 16
1338632385529831425 4
1338632384519008258 4
1338632379368345603 10
1338632377170616322 17
1338632376235266049 8
1338632374339448833 15
1338632361664245760 10
1338632351581147144 7
1338632337081442305 3
1338632324158795777 7
1338632316260904961 25
1338632313664573451 14
1338632301845024768 7
1338632301786386435 4
1338632299404013569 8
1338632296300212225 7
1338632289387905024 7
1338632275475525637 5
1338632266373877761 7
1338632266004705286 4
1338632263483990016 6
1338632256118804481 7
1338632253686112261 2
1338632246719377408 13
1338632245733711872 14
1338632242113998857 17
1338632238875856899 8
1338632237655465984 10
1338632236627873793 11
1338632234132267016 2
1338632230097342465 12
1338632220265881600 2
1338632217401159680 13
1338632203706699777 6
1338632203656450051 16
1338632196341387266 3
1338632195968266243 20
1338632192180826118 16
1338632185348321283 15
1338632185180459009 18
1338632171595116548 11
1338632170685026304 14
1338632160941641731 15
1338632160857747456 6
1338632152544645120 8
1338632148291637251 10
1338632148069326858 7
1338632148014784527 3
1338632147574337538 4
1338632141970808835 20
1338632135960309761 3
1338632135834546176 4
1338632129111089154 12
1338632124350537728 9
1338632116456878086 9
1338632113302556673 7
1338632110773587968 16
1338632108571582465 6
1338632105400684552 11
1338632101269286915 13
1338632100732411905 17
1338632100245884931 7
1338632099004375046 22
1338632098446536704 9
1338632095732817928 10
1338632093157515265 23
1338632091278352385 6
1338632082868772864 9
1338632080729792512 10
1338632078225797120 6
1338632074127941632 24
1338632070252388352 5
1338632069698760704 17
1338632066494312448 12
1338632066053906432 10
1338632057069707267 15
1338632056646012928 19
1338632037234860034 17
1338632035670372354 7
1338632030657990656 13
1338632029160792064 9
1338632022839996417 11
1338632013755133952 18
1338632003621687302 6
1338632001436389376 3
1338631992217309189 8
1338631989516251138 25
1338631986404061186 18
1338631968754262017 6
1338631967114473472 12
1338631961250844676 24
1338631960789475328 7
1338631950379180032 18
1338631941940244480 19
1338631938425368581 4
1338631934994472961 9
1338631930242355200 7
1338631918993240064 8
1338631917911089153 6
1338631917537779714 15
1338631916074000387 20
1338631912601038850 7
1338631906854723584 22
1338631893462491140 3
1338631889129762819 9
1338631888844558342 23
1338631888567754752 9
1338631884830613505 8
1338631882150449153 14
1338631879038267392 19
1338631861690482689 17
1338631859002101763 6
1338631858196660224 4
1338631855411752960 21
1338631847417438208 5
1338631841205645312 6
1338631839968231424 6
1338631833508954112 15
1338631815951630342 12
1338631808460730374 18
1338631806476824577 8
1338631800978083840 21
1338631795525513216 15
1338631776332288002 10
1338631775682236421 8
1338631773757050881 12
1338631773622841345 3
1338631766119223297 13
1338631760339492869 8
1338631760096137221 19
1338631759840374784 8
1338631749379747840 2
1338631742937305090 9
1338631738084438016 12
1338631736897355776 12
1338631733235867648 4
1338631730396352516 6
1338631729314033664 9
1338631725887451140 11
1338631725883207681 12
1338631722884235265 23
1338631712956424197 26
1338631712226615296 24
1338631711966552064 30
1338631688117694470 16
1338631684309266432 18
1338631683055161344 8
1338631681675235329 9
1338631678974160896 9
1338631666814816258 19
1338631660816969729 8
1338631653867073537 8
1338631644643799045 9
1338631639904219137 9
1338631636108206080 23
1338631635378597891 14
1338631630265737219 19
1338631629867200513 6
1338631622392868865 7
1338631615212257281 18
1338631614616768515 11
1338631591514533888 8
1338631589589372935 22
1338631579774685188 6
1338631578822520833 4
1338631566268968963 7
1338631562225725441 7
1338631555170922498 10
1338631554533244929 7
1338631543057752065 7
1338631530898477056 27
1338631529241698310 11
1338631528402853888 24
1338631517317312519 3
1338631516411338752 15
1338631509826297858 10
1338631495351754760 9
1338631492034027522 9
1338631491362951170 8
1338631490893189126 11
1338631485843128320 30
1338631478629036034 5
1338631468747268098 16
1338631462728380418 24
1338631460509650956 15
1338631459179999235 12
1338631459033255936 6
1338631456948703233 23
1338631455782670336 21
1338631455300329479 13
1338631454776061953 11
1338631453068980224 20
1338631438833504258 6
1338631436967022592 16
1338631429345996800 25
1338631427097825280 7
1338631418050609152 6
1338631415727058944 18
1338631410874261507 5
1338631410563903488 5
1338631409431404546 10
1338631399264440321 15
1338631396957548545 4
1338631393404973058 16
1338631383498035200 7
1338631382680162305 18
1338631370680233984 6
1338631370030145541 7
1338631357942161412 11
1338631356813893632 19
1338631354842402818 20
1338631344390344706 10
1338631341089370118 16
1338631331073454084 4
1338631324513525767 14
1338631324073127940 18
1338631318767190016 15
1338631310810767361 13
1338631307199385607 6
1338631296524939264 12
1338631296327634945 11
1338631291017732096 29
1338631286521552897 14
1338631279710003206 9
1338631278556491776 3
1338631277755428865 8
1338631276719443970 14
1338631248252637184 4
1338631244154892293 22
1338631238761000961 9
1338631227398451200 12
1338631221933326337 9
1338631219861393414 19
1338631217835544576 8
1338631216422121472 13
1338631200944967682 16
1338631196666818562 7
1338631193634304000 25
1338631192103489536 21
1338631191281479680 16
1338631190295830535 22
1338631186835517440 15
1338631186504019968 3
1338631186298626054 23
1338631184285364224 8
1338631169458532353 8
1338631158922350592 24
1338631157710278658 4
1338631155894132738 17
1338631153868271616 19
1338631148780613634 24
1338631139855110145 14
1338631138567393283 13
1338631137925738499 19
1338631136998776837 11
1338631134863876107 7
1338631133425250304 28
1338631130921246720 17
1338631125779025922 15
1338631125552521218 3
1338631115410710535 13
1338631114479558656 10
1338631112030101507 11
1338631111296110592 5
1338631106552352770 19
1338631103519862785 8
1338631103263870978 15
1338631103259627520 6
1338631103255494657 18
1338631103222050823 9
1338631096104316929 7
1338631094246256642 22
1338631094032281607 6
1338631088235753474 14
1338631068820377606 21
1338631051741196288 20
1338631047580442624 7
1338631046389182472 8
1338631039892262918 5
1338631034552901632 9
1338631030782177281 24
1338631028420857856 6
1338631027015757826 12
1338631014785028096 29
1338631008363614208 5
1338631004051927041 11
1338630997697589250 20
1338630981880852492 4
1338630975266435078 23
1338630963488825356 1
1338630963312558081 9
1338630956014575616 9
1338630943310028802 7
1338630943154769921 6
1338630934447284224 21
1338630925148708871 10
1338630915266899968 6
1338630909352964097 8
1338630908551852032 10
1338630901715103748 9
1338630892890296324 6
1338630891770404870 9
1338630890747011072 9
1338630888775688198 3
1338630887089594368 8
1338630884375883776 8
1338630870459183105 19
1338630867971878912 8
1338630863962079234 2
1338630847512121346 6
1338630842609004551 5
1338630840851570695 5
1338630840671203328 20
1338630839119327234 13
1338630838855020544 12
1338630836015554560 20
1338630829619220480 17
1338630827240984579 25
1338630825999478786 7
1338630818135220226 10
1338630810379939842 8
1338630809767522307 19
1338630804604334080 8
1338630802112966658 12
1338630801790013441 8
1338630795993473026 15
1338630794710048769 8
1338630783179911168 5
1338630761562468354 23
1338630756122259456 4
1338630755925291010 7
1338630755774304258 6
1338630751814897669 18
1338630742109204485 21
1338630727265636354 20
1338630726921703424 20
1338630720080769029 11
1338630712250015744 28
1338630698261995522 18
1338630697142071300 22
1338630695875383299 10
1338630695799943168 17
1338630695267262464 20
1338630692926795776 11
1338630689961504768 13
1338630673138069513 11
1338630670986440708 12
1338630666599231488 9
1338630656121851906 7
1338630635133530117 22
1338630630209433604 4
1338630626279362560 4
1338630623418851328 23
1338630617530032128 9
1338630617446178818 16
1338630605337202690 18
1338630598424993794 6
1338630598332735489 5
1338630581916213248 10
1338630572604735488 10
1338630562475597826 11
1338630561146019840 7
1338630557526192128 5
1338630557450776576 4
1338630552757350402 22
1338630548084887552 12
1338630541504090112 16
1338630540409376774 16
1338630535833395200 18
1338630521769906182 6
1338630510445285377 6
1338630477029240832 4
1338630476920188928 5
1338630472751079425 9
1338630471798976512 8
1338630465440378888 19
1338630464249139200 12
1338630460033863681 9
1338630457668284416 7
1338630455441108994 5
1338630449632079874 16
1338630432955527168 4
1338630431760060416 17
1338630431093239808 22
1338630428291452928 19
1338630427922280450 12
1338630422171881474 17
1338630418245898240 21
1338630412600479744 13
1338630408397852675 7
1338630407319920642 21
1338630405096943616 9
1338630403977060352 6
1338630401640820736 10
1338630401263345664 4
1338630393973583873 16
1338630393801682947 7
1338630379838828545 17
1338630370007216130 13
1338630367889264642 5
1338630365146214402 11
1338630363019677696 4
1338630362864492546 15
1338630360763158528 8
1338630358850420736 8
1338630353121144835 5
1338630350524850178 13
1338630343079981062 3
1338630341381251073 10
1338630340479496193 23
1338630339544018944 18
1338630335471423490 19
1338630334183772162 8
1338630331239317505 9
1338630328739622912 19
1338630317536661506 11
1338630309852684288 18
1338630307617140739 7
1338630303322152960 7
1338630284317773824 23
1338630273441914885 8
1338630272737275907 24
1338630269553631233 20
1338630267024642050 17
1338630253804195841 17
1338630250410946561 17
1338630244174094337 32
1338630239111483396 9
1338630236242644992 8
1338630230001455109 4
1338630224959971333 8
1338630218219724800 6
1338630202889539585 7
1338630201543168002 9
1338630199110496256 16
1338630180332576769 7
1338630176507359234 19
1338630171440553984 7
1338630162909450241 26
1338630160707293184 9
1338630159067394048 11
1338630154478825473 18
1338630148615245825 15
1338630146283220992 10
1338630145515589633 7
1338630145108807683 9
1338630143334469632 8
1338630141719670784 8
1338630140830605319 8
1338630136606957573 20
1338630136254619650 8
1338630131666067460 18
1338630129115869184 7
1338630122711228417 4
1338630111940100096 7
1338630106626088960 19
1338630097906114562 6
1338630096664465409 8
1338630089605586948 12
1338630073411362816 7
1338630070412382215 4
1338630065823899649 7
1338630060606169093 14
1338630060069294089 7
1338630054847410185 8
1338630053387771905 7
1338630043325636612 14
1338630032525303808 8
1338630020252770310 7
1338630009796370440 6
1338630008248659969 9
1338630007950807044 10
1338630003035172865 10
1338629999700693000 10
1338629997553217543 9
1338629995695120386 30
1338629995237937153 6
1338629992083824642 9
1338629977462464514 6
1338629973440155651 11
1338629956503482368 8
1338629953596710912 9
1338629943333412867 10
1338629929341251593 20
1338629924609994764 8
1338629922181369856 13
1338629919941672961 7
1338629905060392960 21
1338629901516234755 11
1338629895744860162 5
1338629884701241347 6
1338629884487344128 4
1338629863377399809 12
1338629860680486913 9
1338629860051333120 19
1338629859719909377 20
1338629859531247617 10
1338629858772004865 12
1338629858654621698 14
1338629856800681986 7
1338629856544710656 9
1338629856288968711 12
1338629855953477632 8
1338629853533392899 7
1338629851285057536 7
1338629845123813376 15
1338629845065080832 16
1338629845001990144 14
1338629844872126469 15
1338629844867969024 19
1338629844771475461 8
1338629841697050626 9
1338629831689465856 4
1338629829009289217 6
1338629823493758976 8
1338629813360275458 7
1338629804443242500 25
1338629798869037057 10
1338629793223479299 18
1338629791138914305 8
1338629786000904195 4
1338629781001269250 17
1338629777218007051 9
1338629761816518656 9
1338629754531024896 17
1338629754010923011 10
1338629748436525057 7
1338629744913428481 17
1338629743290281985 6
1338629736424218630 9
1338629732758401025 8
1338629729449021442 19
1338629728014626819 20
1338629725971951617 6
