1338615014673043458 22
1338615014375092225 6
1338615012647120896 15
1338615012601040898 13
1338615006334771204 23
1338615000169144324 8
1338614999661465601 14
1338614992526962691 22
1338614988320149506 20
1338614972608360457 22
1338614969097654276 13
1338614968497934343 15
1338614962676232193 17
1338614962277650432 3
1338614958712557570 8
1338614956531572736 10
1338614955382366211 21
1338614951871733761 10
1338614950403641353 19
1338614944481198080 8
1338614941344030723 11
1338614937330077698 5
1338614936201617408 18
1338614931793580034 7
1338614928660434951 6
1338614925262917632 12
1338614923342000133 7
1338614921848901632 6
1338614913120526338 12
1338614907911147530 12
1338614907093311488 9
1338614905855938567 14
1338614902550908931 10
1338614899593908224 18
1338614879876472833 6
1338614878500573185 10
1338614877196324866 15
1338614872767127556 12
1338614867234713600 6
1338614864261107714 14
1338614862344318984 20
1338614861262098432 6
1338614839963475976 17
1338614839346917377 8
1338614835093901314 4
1338614835005702144 19
1338614832619143168 9
1338614831994314759 18
1338614830278828033 7
1338614826961080321 3
1338614818840989696 15
1338614806924963852 13
1338614804056068096 27
1338614801396887557 9
1338614789522796552 29
1338614773571870720 4
1338614772443602946 19
1338614764671557634 17
1338614760850546692 6
1338614759499964418 7
1338614757297938438 6
1338614755666370560 8
1338614749987213312 10
1338614745646190600 7
1338614745578889216 18
1338614745516150788 15
1338614745478254592 5
1338614745310650374 8
1338614742160732163 8
1338614740940165132 13
1338614739098865664 5
1338614738754953218 10
1338614737333006338 12
1338614729154158592 15
1338614727686168579 3
1338614725857316865 7
1338614723651235842 18
1338614715514281986 13
1338614711923978245 21
1338614702964944897 17
1338614700200714242 8
1338614700062420993 9
1338614695071191041 13
1338614673260900357 13
1338614672837132289 7
1338614658035494917 24
1338614636816584708 21
1338614636715925505 6
1338614635696693248 8
1338614635566653442 19
1338614632085241857 19
1338614631758118915 12
1338614630155866112 7
1338614626532151296 17
1338614625806540800 14
1338614605849964549 6
1338614597490716684 21
1338614580780691456 15
1338614577718829056 7
1338614574950518786 10
1338614565408530435 13
1338614553911963651 6
1338614552951365632 3
1338614551747629058 15
1338614538397249537 12
1338614533808656387 7
1338614530830716928 6
1338614527622078466 3
1338614526623817729 2
1338614521124941824 9
1338614517199204353 6
1338614515882192897 9
1338614514292551686 19
1338614507334230021 11
1338614507275476993 11
1338614506705068037 13
1338614502363893760 10
1338614498383589377 15
1338614484886286338 12
1338614482541686790 12
1338614478951202816 5
1338614468687892482 5
1338614464644599809 9
1338614460005687296 3
1338614459514937345 8
1338614455765102592 12
1338614454817157121 6
1338614448009990145 7
1338614445061365760 16
1338614442326712323 3
1338614440917397505 11
1338614438853812224 13
1338614413725593603 8
1338614413406986248 16
1338614401809715207 5
1338614393802731523 8
1338614390787108866 13
1338614385867157504 6
1338614368863399980 2
1338614359099105282 14
1338614351960354817 5
1338614351528402946 8
1338614343924006913 3
1338614342422556672 13
1338614335929786368 12
1338614332687585281 17
1338614316212367364 10
1338614312408117250 13
1338614311703363584 28
1338614308280946690 11
1338614300068417536 18
1338614297732263937 31
1338614296931168268 21
1338614286415966215 13
1338614281290526723 23
1338614269924007940 22
1338614264853110787 9
1338614264676954114 5
1338614253427703811 8
1338614250487549954 21
1338614242279366658 6
1338614242057080836 7
1338614239834017793 15
1338614227171495939 8
1338614225099427840 21
1338614214760554496 9
1338614207089086464 6
1338614202408132609 24
1338614201078706176 15
1338614198742487041 8
1338614198327238662 20
1338614193172348928 12
1338614180602130433 10
1338614172754599936 5
1338614172557455362 13
1338614154886696960 11
1338614140718428160 5
1338614138151563265 10
1338614138042523655 13
1338614132308893697 28
1338614129473380352 16
1338614119289806852 20
1338614115955331076 9
1338614105452777472 4
1338614103779258369 6
1338614100843245573 15
1338614098712518657 4
1338614096657346562 7
1338614088876892161 13
1338614079460696066 10
1338614077543866378 24
1338614075195068416 8
1338614066898726914 13
1338614062851235840 16
1338614060938571776 15
1338614059239763968 4
1338614047915335680 22
1338614045591658496 8
1338614044501086209 6
1338614032987779073 9
1338614032954220544 11
1338614014276931585 13
1338614005989040130 27
1338614002549628929 9
1338614002046394370 19
1338614000532123648 14
1338613995587112961 19
1338613977136287744 17
1338613976700248065 4
1338613974288519168 12
1338613973826981891 6
1338613972484939778 18
1338613959121915909 14
1338613954633994241 15
1338613948178984960 7
1338613946539003910 10
1338613946291515394 14
1338613942139097095 8
1338613939685486600 19
1338613919372480512 11
1338613910602178560 7
1338613900703641600 10
1338613898824585216 22
1338613898673598465 11
1338613892386189312 5
1338613886426157061 6
1338613880990404615 13
1338613860987666437 18
1338613842302164992 13
1338613841383583746 9
1338613835754856450 4
1338613817543172096 10
1338613816662351880 19
1338613815601213442 4
1338613812916838400 19
1338613807434919941 22
1338613807019667458 12
1338613795325792257 5
1338613794029842432 21
1338613787285282816 14
1338613780549398528 22
1338613773016440834 7
1338613769224773635 12
1338613761540640769 4
1338613747498315789 9
1338613741739499520 11
1338613740669898756 13
1338613739055017984 20
1338613736899301377 5
1338613734407774209 9
1338613717760610305 22
1338613701268697088 23
1338613700182364165 6
1338613700001845248 4
1338613698139549697 7
1338613696814338051 17
1338613692884267008 14
1338613689025515520 4
1338613678988537868 18
1338613676052504579 12
1338613675876347909 10
1338613673460457472 6
1338613671237476352 6
1338613661431160832 13
1338613656079241219 13
1338613655479455744 17
1338613653319249921 6
1338613649750052864 6
1338613640006660099 9
1338613635036418050 9
1338613632683438082 3
1338613630447849473 8
1338613630183505921 17
1338613624881942542 6
1338613615490895883 16
1338613611380477954 12
1338613607005753344 11
1338613605693075459 18
1338613604459823104 9
1338613598881452033 7
1338613597677576192 7
1338613597535166467 21
1338613592959152129 5
1338613589524045824 14
1338613584058789897 17
1338613579335880704 4
1338613577729630214 9
1338613566270824448 20
1338613558112817156 11
1338613545093787648 13
1338613542250012674 12
1338613537720176645 5
1338613534175924227 9
1338613533924335619 12
1338613533798510601 22
1338613529855877120 8
1338613529352564741 18
1338613526475255812 6
1338613511455432704 28
1338613505906388995 6
1338613504815861762 9
1338613497135988736 9
1338613496485990400 15
1338613496297254912 7
1338613494711771144 16
1338613489569587201 23
1338613487304540160 6
1338613487300472833 15
1338613487224803328 12
1338613486331506688 3
1338613484989403143 22
1338613475531255816 9
1338613474809831431 24
1338613474772066305 21
1338613470896525314 8
1338613470829420546 21
1338613469017419776 20
1338613453712396289 9
1338613448033394692 6
1338613447207120897 10
1338613445063811073 8
1338613441968410626 7
1338613440789835778 15
1338613440722726912 14
1338613435932798978 3
1338613435790204928 8
1338613429951733760 7
1338613424461328384 18
1338613419860176899 6
1338613410255265792 6
1338613406144794627 12
1338613396028198913 29
1338613386288967685 11
1338613384992919553 3
1338613384053403651 4
1338613382795186176 6
1338613376293941248 18
1338613373819363336 16
1338613372917608455 19
1338613372338712576 12
1338613369549574146 16
1338613367112601602 6
1338613363769815041 21
1338613357960593408 12
1338613355364446212 11
1338613353749614598 10
1338613343855194113 7
1338613342026551297 24
1338613339551830022 4
1338613332433981441 7
1338613328772386816 11
1338613313786138624 12
1338613308799262723 21
1338613292869292032 16
1338613287462854658 10
1338613286862991363 20
1338613284497395714 8
1338613283897667587 7
1338613280395374592 6
1338613276385583104 13
1338613275081252864 7
1338613263337140226 11
1338613250964008960 5
1338613250787721216 9
1338613249680363522 13
1338613242948689921 18
1338613236799827984 14
1338613235616890881 21
1338613231972192257 6
1338613218856607744 5
1338613214347726848 23
1338613205564751872 13
1338613200074518531 15
1338613185990053892 5
1338613184446521347 5
1338613183779647492 19
1338613179908231170 11
1338613172660559882 13
1338613172547280902 11
1338613167954464774 9
1338613167518142467 13
1338613151160537089 15
1338613145984700418 3
1338613144319651840 9
1338613139735076865 26
1338613136442716160 6
1338613136019042304 10
1338613129605951493 4
1338613125906624514 16
1338613124455337990 6
1338613105606189056 15
1338613094772248579 9
1338613091840438275 19
1338613091458805761 4
1338613088724144129 9
1338613086006243330 19
1338613084190089217 8
1338613081522532358 17
1338613078729043970 18
1338613066083291136 15
1338613065991004160 10
1338613052464394243 3
1338613048085458948 23
1338613048056156162 15
1338613040581898242 8
1338613039197786122 20
1338613029743648768 6
1338613022059847683 6
1338613019060875266 22
1338613014828883972 7
1338613014593941505 4
1338613008466137093 5
1338613006838730753 7
1338612993395986432 5
1338612989809844230 3
1338612984994820100 6
1338612984055275521 6
1338612980787843073 3
1338612977931595778 5
1338612976878759938 15
1338612970016956419 10
1338612957912182788 10
1338612957350154241 9
1338612949418700807 14
1338612947908775938 16
1338612942544232448 9
1338612941990539266 8
1338612941785067520 7
1338612926194790401 19
1338612915360960520 3
1338612913460944899 6
1338612895891017730 6
1338612893634453505 14
1338612893043003392 5
1338612890622775303 13
1338612889263943682 13
1338612877658370052 6
1338612874525241347 5
1338612871312404480 7
1338612869504638988 18
1338612863632617473 4
1338612857911513088 18
1338612853822156803 11
1338612851175546883 10
1338612844561043456 22
1338612839238471684 12
1338612837359357952 14
1338612836956835847 7
1338612836939911168 22
1338612836541587456 11
1338612836193480707 8
1338612832720576514 23
1338612826282340356 8
1338612822247403525 17
1338612818128502784 14
1338612817939853313 17
1338612817553985537 16
1338612805499572225 9
1338612802018181120 10
1338612794132926466 11
1338612782623756298 12
1338612781805924355 4
1338612781290053635 7
1338612773840797697 8
1338612767616593924 15
1338612763917234176 21
1338612762520539138 8
1338612760360476672 24
1338612751128813575 10
1338612750638067716 8
1338612742614208512 9
1338612739560808448 7
1338612737702768643 16
1338612733730844673 10
1338612732065689603 8
1338612730664665089 8
1338612716391567361 19
1338612707134763012 22
1338612704328773632 15
1338612699442372608 5
1338612685907247105 10
1338612685441740800 13
1338612685148221441 18
1338612682996461571 20
1338612681478172677 14
1338612676117864454 9
1338612676075925504 23
1338612671747383304 25
1338612664994586624 7
1338612664579346434 10
1338612662159224833 7
1338612659453739008 28
1338612640747319297 12
1338612615203880960 6
1338612611865333770 22
1338612599601115143 6
1338612597101301760 3
1338612590394609666 13
1338612575605551114 5
1338612574745718785 9
1338612561885978627 5
1338612561789538307 17
1338612561584009218 8
1338612554386579460 5
1338612547075928066 10
1338612545838411777 9
1338612542302801921 26
1338612541161934849 8
1338612534430011392 11
1338612532924256261 21
1338612530122543105 17
1338612526955814913 15
1338612525278097410 9
1338612524028190721 19
1338612514226135048 12
1338612509536825347 6
1338612493233610753 9
1338612487349030913 22
1338612481720246272 12
1338612472459177984 17
1338612462669721602 9
1338612461004533761 16
1338612456332070920 27
1338612446609682440 19
1338612430428049409 9
1338612427047522305 25
1338612425709522953 23
1338612420814794753 21
1338612407493660680 14
1338612399126040578 19
1338612369086406656 3
1338612368406966277 18
1338612368008499202 29
1338612366943072258 19
1338612366859231235 25
1338612363969359873 19
1338612362933366787 6
1338612360576176133 25
1338612332268826625 22
1338612327743098887 17
1338612326824611849 8
1338612322621906947 11
1338612316078804992 17
1338612311339175937 20
1338612311045640192 22
1338612310982660097 20
1338612310831730689 14
1338612305731477512 19
1338612302539591687 3
1338612298370273281 12
1338612297808424960 10
1338612297783250950 8
1338612296898195457 15
1338612294817869827 7
1338612291521159168 6
1338612289126195205 7
1338612287201013761 8
1338612286651572226 8
1338612276211965958 23
1338612268041433091 17
1338612265994612737 9
1338612264648073217 15
1338612263721316359 20
1338612262769209346 6
1338612260856590341 10
1338612259803820034 22
1338612259413749765 10
1338612259015151616 20
1338612257744441345 15
1338612255894761478 9
1338612253101355016 14
1338612252195368963 5
1338612252027531264 18
1338612251893358593 16
1338612251373211650 8
1338612250148483075 21
1338612249968185346 11
1338612248470818821 9
1338612241915121670 15
1338612241910951938 4
1338612241696837632 8
1338612240719749120 12
1338612238966517761 7
1338612237225738240 7
1338612234805628928 5
1338612233585168387 11
1338612232561811456 13
1338612231693537283 5
1338612231022514177 6
1338612231001370630 20
1338612230938615810 19
1338612230657490946 16
1338612230494048257 5
1338612230464688131 14
1338612230309388290 12
1338612230271586304 20
1338612230112202752 6
1338612230103896066 22
1338612230091403266 17
1338612230024122369 15
1338612229869096960 11
1338612229797797890 5
1338612229697011712 9
1338612229546143745 6
1338612229495656448 20
1338612229457907712 13
1338612229382545408 10
1338612229311180801 14
1338612229235732481 11
1338612229176901632 30
1338612229147566082 10
1338612229126594560 13
1338612229122486274 5
1338612229109780480 9
1338612228908576769 11
1338612228870856715 10
1338612228816179201 16
1338612228816130049 10
1338612228803751937 11
1338612228757577729 9
1338612225792221186 13
1338612216019423236 6
1338612183530409987 2
1338612172772036613 7
1338612158008090626 17
1338612148101058563 3
1338612138139586561 8
1338612137623756800 11
1338612132523499526 15
1338612130296324098 9
1338612129130307585 22
1338612128278847496 25
1338612115356196864 20
1338612115322654726 7
1338612113808437250 11
1338612111254151169 21
1338612110922838022 4
1338612108586606595 18
1338612106673926144 8
1338612106606866433 29
1338612089838051330 6
1338612086436401153 3
1338612079096451074 21
1338612074033897474 15
1338612073748701188 23
1338612068270784513 21
1338612056132636673 13
1338612052970049536 13
1338612051627872257 15
1338612051162357762 13
1338612050738737152 9
1338612047802720261 14
1338612046917742595 9
1338612045265199105 13
1338612042882830338 12
1338612041247043586 16
1338612040332677121 17
1338612038143266818 13
1338612037698674689 20
1338612028068466694 22
1338612027586207745 21
1338612022729183232 12
1338612013904384003 16
1338612013761753088 9
1338612010301460480 15
1338611987358621696 23
1338611984732925953 20
1338611977875312641 7
1338611977606803457 12
1338611977342644226 19
1338611977195687936 20
1338611977141227520 11
1338611952260689921 17
1338611950784286722 16
1338611950780116996 10
1338611949844697090 10
1338611949244964868 3
1338611948766834688 6
1338611938339790848 7
1338611930756419596 6
1338611930118971394 2
1338611924225957888 31
1338611921256321025 22
1338611915250167809 9
1338611905234149378 16
1338611895536918532 3
1338611891992670208 4
1338611879506300929 15
1338611875429429249 6
1338611867221102592 7
1338611847864389634 8
1338611845733756931 6
1338611843913408513 26
1338611838204915713 11
1338611837571637252 18
1338611837059936256 21
1338611834396553216 15
1338611825068294146 13
1338611822396641281 21
1338611818164596738 28
1338611813601054721 12
1338611811596324865 19
1338611807020339205 5
1338611797947985929 29
1338611796874326023 16
1338611796547166213 10
1338611794340962307 21
1338611793971859457 6
1338611787709739013 19
1338611787105755138 24
1338611783855116288 19
1338611783712575493 7
1338611775655317509 6
1338611771045801984 5
1338611762086686729 8
1338611756084629510 15
1338611751642935298 20
1338611749176696835 12
1338611745426984960 29
1338611744621678593 16
1338611713764175875 6
1338611710928752642 20
1338611704595427331 14
1338611701139329028 26
1338611695682457601 5
1338611693635719170 2
1338611690489991169 22
1338611677797998600 12
1338611674815795201 27
1338611664057405441 18
1338611660219682823 24
1338611641005584390 6
1338611640414179328 3
1338611628007297024 19
1338611625843109888 7
1338611622710009860 7
1338611612572393477 19
1338611600446644225 10
1338611598559240195 16
1338611597842014208 29
1338611596482981890 16
1338611595438661632 3
1338611594490769409 21
1338611593542832143 6
1338611587012182016 13
1338611586609471488 20
1338611579147997184 2
1338611578053271552 5
1338611565872943105 25
1338611560491708417 17
1338611549863342083 9
1338611539830579201 5
1338611536319963137 11
1338611530041069568 8
1338611529218928643 17
1338611528061362176 3
1338611527272853504 13
1338611511774863363 19
1338611509124063236 5
1338611509069557760 22
1338611505818906626 8
1338611505768648704 18
1338611504736661504 7
1338611504011239425 2
1338611495249334274 23
1338611488202829827 11
1338611486810312706 20
1338611475812921356 12
1338611473908580352 17
1338611472461561856 8
1338611471186493440 18
1338611465603977231 7
1338611465230688268 9
1338611463657807872 11
1338611463179567105 5
1338611462298853376 10
1338611453889310721 27
1338611452240867328 11
1338611451251077121 7
1338611450210816007 14
1338611448789032961 24
1338611447895629826 13
1338611438751977476 9
1338611429876883457 4
1338611425435127808 18
1338611419995123715 29
1338611410268467202 16
1338611409727393797 13
1338611408343355394 13
1338611406791434240 13
1338611397131968513 12
1338611396934836224 6
1338611396188188676 9
1338611395185831939 4
1338611395114512385 16
1338611393495506946 4
1338611391306096643 13
1338611383555006470 12
1338611381776551937 14
1338611372205207557 15
1338611358481473536 18
1338611355734188033 3
1338611350189256713 29
1338611348230578177 9
1338611348192759809 29
1338611341163175944 8
1338611330631282691 19
1338611320514555906 6
1338611318899740673 21
1338611315460476930 7
1338611314231537673 7
1338611312918716419 7
1338611301161943041 6
1338611299064877058 6
1338611298322542592 22
1338611290575605766 3
1338611286234570758 6
1338611278382772226 29
1338611264491294722 8
1338611251598020613 18
1338611242487963650 24
1338611241246461956 7
1338611233059201024 32
1338611230500655105 2
1338611229036851200 7
1338611225014513669 10
1338611223110139905 16
1338611221105401858 11
1338611213392031744 14
1338611212846850049 4
1338611196132515841 16
1338611193750097920 17
1338611191594283009 19
1338611182396116993 15
1338611169863589888 6
1338611167749660673 12
1338611165644140555 4
1338611160594210816 9
1338611158153048067 17
1338611144190291968 3
1338611139844976642 15
1338611133784186886 29
1338611130885959681 5
1338611130248404992 9
1338611123944382468 20
1338611106772701184 19
1338611105581604864 14
1338611098937942018 16
1338611098036088832 12
1338611092105248768 25
1338611083528065025 9
1338611081539973123 6
1338611077240778753 7
1338611071242956803 8
1338611068361379845 7
1338611061054959619 14
1338611052855103495 6
1338611036958699520 19
1338611029773783043 4
1338611029325078530 7
1338611019900481537 8
1338611009540550663 29
1338611006272991232 13
1338611000254345220 11
1338610988740964360 6
1338610988459945987 13
1338610985469349891 9
1338610983527444480 17
1338610981300277255 9
1338610981115748352 11
1338610979475742721 6
1338610970738962434 14
1338610970730639367 13
1338610970676105219 9
1338610961616412672 29
1338610960538476546 23
1338610959464718346 5
1338610949520056320 12
1338610944277098505 2
1338610939487264768 17
1338610939298459648 29
1338610937557905414 10
1338610929563553792 7
1338610928661696513 23
1338610920197672962 6
1338610917303611393 3
1338610913000255490 10
1338610912496906243 18
1338610903651135489 9
1338610901147062273 14
1338610893366710273 15
1338610887326912512 4
1338610886269829120 7
1338610884592209921 18
1338610866363752449 13
1338610864140791808 6
1338610864073678848 13
1338610858289549318 6
1338610858151260162 20
1338610851545280527 9
1338610849242464256 23
1338610845857800197 5
1338610840501673985 27
1338610833992142849 16
1338610833182650370 6
1338610829579710470 11
1338610807714803712 10
1338610803155607553 29
1338610793655508993 8
1338610790736257024 7
1338610781672394752 9
1338610781219385350 12
1338610767982170113 7
1338610734545166339 14
1338610734058631168 21
1338610719118516230 17
1338610719089184769 8
1338610719001079809 7
1338610718980104192 18
1338610716593491973 20
1338610704937607172 17
1338610703800954880 20
1338610700680368128 16
1338610699929591808 24
1338610699568812034 6
1338610691712888836 5
1338610691557756929 10
1338610676626034688 5
1338610670137438211 4
1338610661325230083 5
1338610656954748928 11
1338610655331577856 22
1338610648817618945 10
1338610640550760449 8
1338610637937778690 16
1338610631788941312 15
1338610628710326273 12
1338610624549576707 20
1338610619470073856 4
1338610615527596032 16
1338610613665325057 7
1338610607113822208 23
1338610605725507590 5
1338610602621739009 24
1338610600725762048 8
1338610600323256328 21
1338610599505367040 5
1338610598788161538 12
1338610591519272961 14
1338610589829042177 20
1338610589069959168 19
1338610588683886592 21
1338610587161382914 23
1338610585139810305 21
1338610556262035461 6
1338610549253398530 26
1338610545382072334 8
1338610538180435969 7
1338610537941393411 14
1338610535022125060 16
1338610528869113858 12
1338610527724040193 8
1338610496208048131 7
1338610486389186562 29
1338610485789388800 7
1338610485369974786 22
1338610478344441857 10
1338610477211987971 6
1338610476968595456 6
1338610475546914823 6
1338610472778690563 17
1338610467250561028 11
1338610465652486147 8
1338610457825906697 8
1338610455833612290 5
1338610453371564032 14
1338610452264333317 15
1338610451974860806 9
1338610451047993347 5
1338610448845983747 5
1338610444983037959 15
1338610435222892546 19
1338610428025462784 19
1338610424611282947 3
1338610419200634883 3
1338610413299240961 16
1338610413240455181 22
1338610410073841664 8
1338610405548048385 17
1338610405527187459 21
1338610387718123525 6
1338610386996580355 9
1338610385923039238 15
1338610384412889089 5
1338610381221138434 6
1338610376217419777 19
1338610375441350656 11
1338610375365955586 17
1338610372438335490 28
1338610370437636096 10
