1338605496127905799 10
1338605491644215298 15
1338605491459506176 65
1338605488167129089 12
1338605484627128325 5
1338605479124197376 8
1338605477236797445 4
1338605473398833152 10
1338605472585281536 10
1338605469653463047 17
1338605464716779521 28
1338605463294910467 13
1338605453887025154 24
1338605452645588995 7
1338605448614776833 23
1338605440976957441 17
1338605440339488769 3
1338605439177646080 17
1338605437252472836 21
1338605436245848072 10
1338605431242051587 6
1338605426611421184 18
1338605425902686208 8
1338605424661188610 14
1338605412279406594 11
1338605406248181765 4
1338605401001037825 4
1338605397658267655 18
1338605391614251014 11
1338605388636237826 9
1338605375210328066 25
1338605372697837569 16
1338605371905150982 8
1338605371427090433 9
1338605369006895113 12
1338605361046155264 10
1338605356084301824 9
1338605353597067272 3
1338605353072812032 7
1338605345862807554 13
1338605342087852032 9
1338605336136192007 7
1338605330507444226 5
1338605317681246209 6
1338605316561227776 5
1338605299779956737 8
1338605290351157249 7
1338605289738792961 12
1338605289340358658 19
1338605285494153218 8
1338605283552210944 7
1338605277441044481 4
1338605277084606472 8
1338605275901661184 10
1338605253525200897 4
1338605251360911362 11
1338605248039047174 9
1338605246021595139 10
1338605230678806528 9
1338605225825988608 23
1338605224173383681 22
1338605222940332032 5
1338605222818697216 14
1338605220822061056 6
1338605215487041542 7
1338605208008617992 18
1338605196897882115 10
1338605196654628870 3
1338605194817527810 9
1338605194628784130 8
1338605191902482435 12
1338605182700105729 17
1338605182280740865 16
1338605176203190272 20
1338605163918004228 16
1338605160906551299 14
1338605157555302401 13
1338605142875234313 13
1338605138743791616 10
1338605130233556992 19
1338605127406587904 10
1338605125879914499 24
1338605119521382400 8
1338605114521739264 13
1338605113196343296 16
1338605110184738818 20
1338605105558540291 21
1338605104145035270 9
1338605103507501057 21
1338605092501553154 6
1338605091956330500 12
1338605083962077185 20
1338605082733121546 6
1338605080820510721 10
1338605079985786882 8
1338605077343432705 21
1338605076236161031 20
1338605068489285632 15
1338605060528463874 8
1338605055218491394 8
1338605052836065282 10
1338605037132636161 25
1338605034519613440 5
1338605031105421319 23
1338605019742932992 5
1338605018543484930 4
1338605010607890433 12
1338605007617351682 28
1338605006417776642 12
1338604997781696512 8
1338604996749893637 17
1338604995294490624 7
1338604993696444418 5
1338604987363028992 4
1338604985601429506 14
1338604979137941505 25
1338604974947885061 5
1338604974771724291 5
1338604974557827075 7
1338604971630227457 13
1338604968597725191 23
1338604968010510336 21
1338604967654002689 7
1338604967616253954 18
1338604965506519042 13
1338604964457967616 9
1338604963287666689 9
1338604962771832835 13
1338604953716346880 19
1338604953485668366 20
1338604952084762625 6
1338604948892889088 6
1338604948662198274 6
1338604948242780163 22
1338604947848433665 9
1338604940185493508 19
1338604940063813632 6
1338604931465539584 19
1338604931054411777 16
1338604931041914880 8
1338604931025080320 12
1338604930920169473 16
1338604923286552576 8
1338604918169608194 16
1338604915074207746 15
1338604909860704258 6
1338604908015218690 8
1338604906589134850 7
1338604898020159492 19
1338604886024310788 6
1338604885063905282 7
1338604884799725569 15
1338604883600158722 13
1338604877384216576 14
1338604868559400960 22
1338604867170910210 23
1338604865132634114 7
1338604858866331651 23
1338604858451120141 19
1338604849500475395 16
1338604846786764806 6
1338604844907638784 7
1338604840616783872 4
1338604838460985345 4
1338604831309778948 9
1338604825550831616 9
1338604824586309633 4
1338604824397541383 19
1338604823999098883 8
1338604819469246466 12
1338604813010018305 14
1338604811655241734 12
1338604808824107011 8
1338604804558389249 11
1338604796253704198 2
1338604789857480709 6
1338604773663264778 8
1338604770098081794 8
1338604766918799360 9
1338604763747921922 14
1338604763097788417 12
1338604761122283520 9
1338604760954507266 5
1338604759981416463 8
1338604759717191682 11
1338604759654293507 6
1338604758446329859 3
1338604749160144897 19
1338604745326522373 25
1338604740435959809 8
1338604740377239552 7
1338604734433923078 18
1338604733586673664 15
1338604733012045831 14
1338604731091066882 6
1338604729899823104 11
1338604721867776004 7
1338604720550776835 13
1338604719632224260 6
1338604717409067008 10
1338604717279207425 5
1338604711587483649 9
1338604710073393154 4
1338604707472961536 5
1338604706625708032 27
1338604701181480967 20
1338604700686495750 10
1338604700019666944 18
1338604696139862016 11
1338604693703024646 12
1338604692289560576 24
1338604691500847104 7
1338604688531279873 20
1338604687147237376 8
1338604685935034368 9
1338604685909868544 17
1338604685075353604 17
1338604684597108736 8
1338604684567830528 10
1338604684513251330 9
1338604684282564615 19
1338604684253151232 9
1338604684207132675 10
1338604684165009409 21
1338604684106457094 11
1338604684001636353 19
1338604683946913792 11
1338604683884113922 12
1338604683825438725 11
1338604683653419009 13
1338604683603177472 13
1338604683422818305 15
1338604683418484736 15
1338604683309371393 12
1338604683141799937 12
1338604682953043968 10
1338604682923524096 22
1338604682881675265 13
1338604682776702976 12
1338604682516828161 9
1338604682395136004 6
1338604682168598530 11
1338604682017558529 9
1338604681908662272 13
1338604681690550272 15
1338604681551966208 16
1338604681447297025 10
1338604681359187970 8
1338604681342410752 15
1338604681170276352 6
1338604681141112833 10
1338604681044533249 7
1338604680054796290 18
1338604680042049536 19
1338604679412977666 10
1338604679257759744 15
1338604679069126658 15
1338604679014465537 9
1338604678993616897 14
1338604678985048067 9
1338604675961118723 8
1338604669359312896 10
1338604665668243456 9
1338604654213652481 14
1338604651239919618 15
1338604646991015937 24
1338604643249774597 6
1338604634890498050 23
1338604627969896456 9
1338604627676237831 9
1338604625340096513 13
1338604625285558275 16
1338604621095440388 15
1338604620252385286 20
1338604618746527744 10
1338604616527777795 11
1338604615936462848 8
1338604614686535682 11
1338604614569123841 8
1338604613889560583 20
1338604606952181762 13
1338604602187505664 10
1338604601491091456 6
1338604598152458243 6
1338604593291341828 17
1338604584378503174 11
1338604580746240000 23
1338604575956357122 13
1338604575603953665 16
1338604573385248769 14
1338604567026667520 10
1338604547590086656 11
1338604544872361984 6
1338604531085684737 7
1338604529043075079 10
1338604520520167426 15
1338604509027852291 9
1338604507945721857 13
1338604506506903554 12
1338604498923577344 14
1338604498839887872 15
1338604495727628288 7
1338604488735797249 17
1338604484856074251 7
1338604483949985792 23
1338604483564204035 7
1338604463037280257 9
1338604458608107520 23
1338604448512434181 20
1338604443181387777 20
1338604439402254337 4
1338604439108689921 7
1338604437934383104 8
1338604431227691010 16
1338604430816669696 18
1338604422767783937 23
1338604410382012418 17
1338604410264379393 6
1338604408226058241 11
1338604405776658432 5
1338604403373248513 4
1338604400802213888 6
1338604397534691328 13
1338604380623343616 13
1338604380124286976 21
1338604375506366469 20
1338604370502569984 9
1338604364815081477 8
1338604358355853313 5
1338604355792977920 20
1338604354585190400 3
1338604350017572868 10
1338604345282195457 13
1338604341557665792 9
1338604331189276674 13
1338604326504292356 21
1338604320779096064 5
1338604319512342530 5
1338604318304440325 5
1338604316526059533 19
1338604312520314880 9
1338604301787262976 21
1338604293251862531 11
1338604291095994370 9
1338604283307102208 16
1338604274801106952 19
1338604274423574530 4
1338604270552223748 4
1338604260293046273 19
1338604257671589891 14
1338604254857195523 10
1338604244828622848 19
1338604241494159361 14
1338604231142600704 12
1338604224037482498 8
1338604222846267393 8
1338604222745604100 13
1338604221546033155 8
1338604207608369152 10
1338604201933467648 12
1338604189384105987 22
1338604187349741568 6
1338604181301682182 8
1338604181054222341 18
1338604180991324169 6
1338604179632349186 6
1338604178415955973 6
1338604163006140417 23
1338604161718493187 15
1338604159717793792 12
1338604136321982468 13
1338604133595688960 7
1338604126918348806 7
1338604125358092290 11
1338604124020101122 11
1338604123516768258 7
1338604123017506816 7
1338604122745024513 11
1338604113186197511 10
1338604108308226054 7
1338604103413460996 20
1338604097654714368 11
1338604095511420933 5
1338604090448891911 24
1338604083914092544 10
1338604083276623876 4
1338604076175659010 14
1338604066541277185 9
1338604065836707849 19
1338604064305782792 7
1338604063143944196 4
1338604062506446855 4
1338604061621415937 22
1338604061499793414 14
1338604059864002561 14
1338604056449847296 12
1338604056294592528 11
1338604040020701193 7
1338604036266708992 7
1338604033506992135 20
1338604032089333763 22
1338604028285030402 18
1338604017862266882 9
1338604016163500036 19
1338604014573858817 7
1338604013294669824 7
1338604012032102404 7
1338604009830146049 4
1338604007921684481 23
1338604003039604737 7
1338604000799821824 15
1338603997062701057 5
1338603990863450112 7
1338603990465077249 26
1338603981828972550 11
1338603975617245185 22
1338603974241431552 10
1338603971137724425 31
1338603970143641601 21
1338603969149591554 20
1338603956369547267 13
1338603950283624448 10
1338603948404518917 13
1338603947498631169 7
1338603947435700231 3
1338603945728618500 9
1338603935062495236 6
1338603933732888579 9
1338603931287646210 10
1338603926619361288 17
1338603917123448832 6
1338603917081456641 5
1338603913562353664 12
1338603908168622082 5
1338603898446155779 9
1338603892293120000 8
1338603888308609026 18
1338603884617617410 8
1338603876199575553 20
1338603873313968133 8
1338603871934033928 8
1338603871481040902 6
1338603870466043905 8
1338603864279408646 16
1338603863868387329 15
1338603858407247872 22
1338603851646083074 11
1338603844918530049 9
1338603835300982788 18
1338603820029534218 4
1338603814597877761 22
1338603813830152192 4
1338603813352206339 13
1338603810411855876 7
1338603810214666240 6
1338603807052218370 9
1338603805772922881 21
1338603805135564808 5
1338603802346348545 10
1338603800832204804 5
1338603800572129280 13
1338603797447380992 3
1338603781613903880 15
1338603778824671232 15
1338603778212290561 10
1338603766669586433 11
1338603766606684176 9
1338603759824494592 18
1338603755261075457 11
1338603753893748741 5
1338603751754649600 28
1338603751070965773 3
1338603750878011397 4
1338603746176208898 15
1338603745639358467 17
1338603740912300036 4
1338603718019780609 7
1338603714978979840 3
1338603701179703296 9
1338603699095089152 6
1338603699019673600 8
1338603696847015938 12
1338603696574390273 10
1338603692145209344 9
1338603691620888576 22
1338603672775831556 21
1338603670116720641 21
1338603663770738688 7
1338603661673586693 17
1338603659861508096 4
1338603656602656770 20
1338603652710363145 20
1338603652618006530 14
1338603651376537607 15
1338603636440633347 13
1338603636075728898 13
1338603633076805639 17
1338603630862229504 10
1338603630753099779 4
1338603620032503808 16
1338603618828767232 5
1338603613950627840 3
1338603610960179200 8
1338603605310533635 22
1338603603444035584 16
1338603601913147395 6
1338603592404660226 15
1338603584586440707 8
1338603582829043712 11
1338603580589223942 7
1338603576575275011 14
1338603574398476291 15
1338603555633188864 7
1338603554483830786 6
1338603546434998273 9
1338603541062176774 14
1338603531629191170 11
1338603530341507073 11
1338603529083232257 11
1338603523584512000 5
1338603523521404930 19
1338603520224845825 13
1338603517066563585 9
1338603496875155459 18
1338603491879755776 23
1338603484640317440 16
1338603483444948992 18
1338603464482557958 16
1338603459650744325 14
1338603455598964736 15
1338603454864900096 14
1338603449538195459 11
1338603447982166019 11
1338603447814328322 21
1338603446505713669 11
1338603444735709184 11
1338603443909349378 24
1338603442969972739 9
1338603441745240072 9
1338603441220972545 17
1338603440138752002 20
1338603432257540096 19
1338603429481111560 8
1338603424636657671 15
1338603424607330305 17
1338603424225570818 12
1338603420916256770 13
1338603420756963331 3
1338603417527267334 24
1338603417409888258 4
1338603408538918913 11
1338603393414295560 9
1338603391396818945 23
1338603385067610114 14
1338603381317906432 7
1338603377236848642 15
1338603376393719808 8
1338603375609454595 17
1338603373797445642 6
1338603367300431873 16
1338603365018853376 3
1338603361596133376 17
1338603360338006017 19
1338603347495051265 14
1338603343409598464 2
1338603342780633090 4
1338603338858782721 17
1338603325755940870 11
1338603320114638848 14
1338603316620767232 20
1338603295837986816 8
1338603279106904066 7
1338603277869592577 16
1338603273964695557 21
1338603266276462595 20
1338603261046247425 14
1338603245661528065 20
1338603244784939017 21
1338603242771673092 19
1338603242754891782 7
1338603240351551490 19
1338603238556393472 21
1338603235653918731 13
1338603233049149440 20
1338603228875853825 6
1338603226334158848 18
1338603220978065408 22
1338603209410146305 13
1338603208910974976 30
1338603208340615168 7
1338603207711404032 8
1338603202497966086 24
1338603200597864452 22
1338603195027886082 11
1338603180825833474 9
1338603178497986561 6
1338603176832929794 18
1338603175385968643 13
1338603173200736256 10
1338603172718370816 21
1338603172202471424 20
1338603170096951303 6
1338603168092086272 6
1338603166263341058 12
1338603157870481417 9
1338603157543395328 9
1338603134285979651 14
1338603132230754304 4
1338603124110581762 8
1338603124043485184 23
1338603114186813441 8
1338603111393406976 18
1338603109904420871 7
1338603108897853443 17
1338603080263344133 6
1338603079252537344 21
1338603073959325701 26
1338603071748845573 12
1338603070348029954 21
1338603069190377472 4
1338603057366577154 8
1338603055894376448 15
1338603047841394688 21
1338603042686595074 8
1338603035031965696 23
1338603033907900417 9
1338603033412792320 15
1338603028207849474 14
1338603019013906433 11
1338603013582286848 20
1338603004652609540 6
1338602990538797056 20
1338602982980644866 16
1338602979264499718 4
1338602976055738368 20
1338602975246372870 4
1338602973199556611 18
1338602972129980417 7
1338602971542790144 9
1338602969382711300 11
1338602967352668163 5
1338602941322760193 18
1338602939439599616 21
1338602937690550275 7
1338602937157824514 20
1338602937006874624 13
1338602933257027585 5
1338602931441037315 11
1338602928958042113 9
1338602921773178883 8
1338602910486323204 7
1338602909085425667 4
1338602905490829313 3
1338602897194573824 11
1338602890110382080 4
1338602887950331907 2
1338602887509913601 21
1338602886121598976 3
1338602876709580802 15
1338602872762724354 10
1338602856811794434 11
1338602852789399555 8
1338602840181370888 14
1338602825920765954 11
1338602818442309632 29
1338602815481110529 5
1338602797957337090 8
1338602797328003072 6
1338602794685661185 17
1338602790923493379 22
1338602784405540871 6
1338602775194836992 15
1338602770820001792 78
1338602764214153216 4
1338602760196018176 6
1338602760045010950 21
1338602747113902082 24
1338602736133214210 8
1338602735566901248 15
1338602730651324417 7
1338602725500653585 18
1338602718814998531 17
1338602708853374976 9
1338602707117088768 10
1338602706143911942 10
1338602704722079744 7
1338602694643212289 10
1338602692999065602 12
1338602691510013953 19
1338602685709365248 11
1338602682693521409 6
1338602681628119041 8
1338602680168534016 8
1338602674724409344 21
1338602670635036674 6
1338602665714929665 6
1338602663563440137 18
1338602653820067842 3
1338602653258014720 7
1338602651752280065 23
1338602650741432325 11
1338602634480144389 7
1338602629564424198 12
1338602623113555970 7
1338602615945519104 5
1338602605950476290 8
1338602594047041539 5
1338602589735284736 15
1338602587256446982 11
1338602586992234496 15
1338602576942673930 14
1338602571074842627 26
1338602569485185025 11
1338602555622924288 6
1338602554138058753 6
1338602546533949440 19
1338602543937691648 20
1338602542419283970 16
1338602539932151819 18
1338602538505924608 14
1338602536429887489 2
1338602535087525890 24
1338602521238114304 5
1338602518654328832 11
1338602516758622208 20
1338602512954355713 14
1338602504314118145 15
1338602493668941825 22
1338602483875262469 15
1338602483195785217 13
1338602475151118336 4
1338602471741132802 29
1338602467987222530 2
1338602467597168640 15
1338602467555115008 11
1338602449695862794 20
1338602448647319552 22
1338602447045058568 2
1338602446080401410 13
1338602433560408064 5
1338602428669829123 11
1338602427503824898 9
1338602417785614346 20
1338602416145625090 5
1338602413503221761 10
1338602410940493830 9
1338602394205249537 3
1338602388870074368 5
1338602387871727616 16
1338602384663130112 4
1338602379734888453 21
1338602371522433025 3
1338602362810855424 3
1338602361980379136 3
1338602356187992066 19
1338602352182439938 6
1338602349246492672 7
1338602348038545409 6
1338602326051999745 5
1338602325275942912 15
1338602318728744962 5
1338602311384494082 10
1338602305122349056 15
1338602297878667265 5
1338602292040388608 12
1338602284901675017 5
1338602283244916740 15
1338602281370066946 12
1338602281286180871 8
1338602276601163777 10
1338602275816701952 15
1338602268405411843 3
1338602268116054018 24
1338602266983534598 23
1338602265721139203 23
1338602256506220551 5
1338602250457870336 13
1338602250244136972 23
1338602248952279040 18
1338602247706587136 8
1338602246150479877 10
1338602243403223041 23
1338602242576887808 4
1338602242128179209 15
1338602241268264961 7
1338602229914345474 9
1338602229574627331 14
1338602226453975046 11
1338602222259740675 5
1338602214839832576 10
1338602211765522437 16
1338602205339938817 15
1338602192081739776 4
1338602190223577090 3
1338602189888102405 13
1338602187656720384 18
1338602182594228224 8
1338602172594970625 11
1338602171726630913 7
1338602167201050627 9
1338602165783437315 6
1338602162922938370 6
1338602162708914176 7
1338602162595704832 12
1338602162557894657 10
1338602162503385088 15
1338602161303916544 8
1338602151795421186 10
1338602146963595269 10
1338602146254770177 3
1338602144082112513 10
1338602141569716225 6
1338602137891192832 5
1338602135827566592 13
1338602135622180872 15
1338602134598651904 7
1338602133357289482 8
1338602131570520064 7
1338602128227659777 9
1338602124729585670 6
1338602112985477122 8
1338602110909345794 16
1338602110468886528 17
1338602107990110208 5
1338602104622100481 6
1338602103384776704 21
1338602096145403906 4
1338602090394955776 20
1338602086393667593 7
1338602086389444610 26
1338602081914118145 11
1338602068597202948 13
1338602068064481280 4
1338602065724051457 8
1338602064872689670 17
1338602052583243779 24
1338602045666897924 12
1338602043129307136 7
1338602036238028800 19
1338602034619101188 7
1338602021490974722 5
1338602018877927426 9
1338602009881153543 4
1338602009767907328 14
1338602008413167621 12
1338602005288390709 19
1338602002247528460 5
1338601995100434437 16
1338601992340566017 20
1338601990348304384 4
1338601976632922114 22
1338601974477058049 9
1338601972153397249 11
1338601960468058114 20
1338601953803243521 9
1338601953648054272 21
1338601951676694528 25
1338601949357363208 10
1338601941023199232 7
1338601936971509760 16
1338601936787042305 6
1338601930986283009 6
1338601929446891520 7
1338601929308598274 3
1338601925780992003 7
1338601923604307969 19
1338601923272970243 18
1338601921129684999 20
1338601917740703744 22
1338601910903975937 18
1338601910882865152 10
1338601910232870914 6
1338601908500635648 9
1338601905749110792 8
1338601899403194368 19
1338601893812170753 4
1338601891249467393 5
1338601880025489413 27
1338601877626302465 9
1338601874166059009 4
1338601872891006977 19
1338601867756982272 12
1338601850539536384 14
1338601848631144457 11
1338601844013228033 15
1338601843874738179 5
1338601842570309632 12
1338601836887027712 18
1338601830817869824 7
1338601828401942528 7
1338601826044825600 10
1338601825226919948 2
1338601824803237889 5
1338601820353081350 24
1338601817568112640 22
1338601816506953731 16
1338601800933453829 18
1338601800040148993 9
1338601792347770881 7
1338601788027572231 11
1338601777017597952 12
1338601773393711107 21
1338601756360503296 12
1338601754032812032 9
1338601750039830530 17
1338601744062967810 9
1338601743014354950 21
1338601738459377664 9
1338601734470504449 7
1338601724064518145 23
1338601717223600130 9
1338601708348469248 20
1338601703713763329 23
1338601699078975489 6
1338601690623320071 5
1338601684814139396 6
1338601683165786114 13
1338601676731609088 19
1338601670947778560 7
1338601670255599616 6
1338601667340722176 13
1338601665595908096 16
1338601659719684100 22
1338601642707574788 8
1338601633933090822 3
1338601629277425666 16
1338601622348455939 9
1338601611460026369 4
1338601603151048706 6
1338601603138514947 19
1338601598591897606 20
1338601596314382341 8
1338601592451440643 8
1338601590945533952 3
1338601579604217858 2
1338601578488606724 12
1338601566216073221 13
1338601546540584960 10
1338601546473492482 8
1338601543944298496 19
1338601540584615937 27
1338601538265165828 11
1338601524105195521 4
1338601523216080896 4
1338601522020691971 11
1338601518933557248 19
1338601518493294596 25
1338601514315755521 14
1338601509160947715 2
1338601505226711048 9
1338601487937593344 16
1338601478970355714 14
1338601478777430017 11
1338601478252990466 5
1338601475103080450 7
1338601467880460290 7
1338601461396156418 11
1338601461387845634 6
1338601450876899328 4
1338601440755867654 20
1338601439833313282 14
1338601436142297094 22
1338601436083609606 16
1338601435840323584 3
1338601434397478920 10
1338601432799473664 5
1338601432421859329 16
1338601431792820228 25
1338601406765420544 13
1338601398150246405 8
1338601396782858241 6
1338601394539032577 19
1338601393540763648 8
1338601391900811269 19
1338601380844625921 2
1338601363475927041 13
1338601361320062978 8
1338601354022039554 20
1338601350779850755 18
1338601343863435266 6
1338601342525431811 14
1338601328738770952 7
1338601317028139009 19
1338601311055589376 9
1338601310581649408 6
1338601304780906496 7
1338601303564496901 28
1338601302864113668 3
1338601298816610306 16
1338601295087882243 22
1338601293904896000 6
1338601293728817152 6
1338601284040060941 6
1338601278788734978 4
1338601276158980096 6
1338601274476990466 9
1338601272228925444 11
1338601271633326081 5
1338601267812323339 7
1338601256533843968 23
