1338596535756533765 10
1338596533856595970 6
1338596528085229573 9
1338596523375005696 11
1338596519025516546 9
1338596518404759558 26
1338596516961918977 8
1338596512004268039 4
1338596509005201409 4
1338596508703318018 3
1338596474897231874 23
1338596472959459330 9
1338596469335584770 10
1338596456018702337 8
1338596451253936129 12
1338596449869815808 6
1338596433839190017 15
1338596424057909248 12
1338596412007862274 21
1338596403191418880 11
1338596398191816704 22
1338596397797396480 8
1338596384979742723 18
1338596384455483395 20
1338596377308356612 9
1338596375840296963 15
1338596368886194176 17
1338596367485325318 12
1338596363706241024 10
1338596357485940736 5
1338596356542377985 10
1338596348673859586 16
1338596347210035202 8
1338596340302032898 21
1338596299743125504 8
1338596298111541249 19
1338596278251433984 5
1338596275214823425 18
1338596269829353475 10
1338596264519364610 3
1338596252867588099 13
1338596239600988167 9
1338596228691587075 3
1338596225331982339 8
1338596222756671488 7
1338596200153485316 12
1338596195070046208 17
1338596184806440961 18
1338596171699412992 5
1338596162065092609 17
1338596161586913280 7
1338596159141634049 23
1338596155848966144 11
1338596155761025026 4
1338596148584583174 8
1338596129345298438 10
1338596128779067392 23
1338596127021600768 13
1338596118125535243 21
1338596111431446529 22
1338596110051454979 17
1338596107325206529 20
1338596105211293703 13
1338596101650345984 8
1338596101591453696 18
1338596088840921098 6
1338596082905976834 6
1338596082889048064 24
1338596080741736450 8
1338596079202406402 6
1338596076153090049 24
1338596072042745869 20
1338596070423744512 5
1338596066611130369 5
1338596065478586373 4
1338596063905787907 10
1338596061124980737 10
1338596055869427713 20
1338596053319348224 6
1338596046189056002 11
1338596045962539008 19
1338596040690294786 9
1338596032578510852 2
1338596014530375680 15
1338596004732473346 8
1338596003801403392 24
1338595997795147776 17
1338595993781198850 6
1338595992267010048 6
1338595990987792385 6
1338595981634527237 23
1338595973250097154 4
1338595972725805057 21
1338595968069947392 22
1338595958691606533 9
1338595952475713538 19
1338595949610938368 21
1338595944829505537 9
1338595936520589312 4
1338595924482936832 14
1338595913116377092 7
1338595909811232768 12
1338595902899023873 5
1338595896574013441 11
1338595888395153409 6
1338595887774392323 4
1338595885295357952 7
1338595878756560896 12
1338595873664737283 19
1338595871244623874 21
1338595871118639104 9
1338595869587718144 9
1338595865464856576 10
1338595864923828225 19
1338595861945839617 9
1338595856098988032 22
1338595849782366208 8
1338595842517839874 22
1338595841167286272 11
1338595838310969347 12
1338595837157519360 14
1338595831956516866 10
1338595827623858177 23
1338595823500857345 17
1338595821491777536 4
1338595818169884673 7
1338595816953483266 14
1338595813539233793 7
1338595812876627970 20
1338595810116849668 14
1338595802332147712 3
1338595797433282560 6
1338595794266578945 12
1338595789971607553 19
1338595785374658560 5
1338595784992944138 10
1338595780693794817 11
1338595775241216000 8
1338595774662279169 4
1338595774180044801 6
1338595773580255234 4
1338595763824316417 6
1338595761773273088 6
1338595755435540482 7
1338595748888317952 19
1338595745746870272 32
1338595741477072899 10
1338595739669311491 7
1338595733730172935 15
1338595732756938753 28
1338595732744499206 5
1338595730223722502 8
1338595724192256002 5
1338595713266151427 6
1338595698804219907 13
1338595696996462593 20
1338595694660251648 13
1338595692156215300 6
1338595691720044547 79
1338595690533040141 9
1338595681397862404 7
1338595678260523021 11
1338595671553814530 8
1338595667925737476 12
1338595666252197889 4
1338595662414438405 14
1338595657343520768 8
1338595640436264960 9
1338595640260038658 15
1338595636124536845 19
1338595631074512896 10
1338595627559772160 12
1338595624783147017 6
1338595623575171073 5
1338595619439439873 13
1338595608119087105 6
1338595600342929411 8
1338595599839420418 14
1338595594244399108 4
1338595593229377542 15
1338595591211917313 21
1338595590805082115 3
1338595589953556480 16
1338595587558682625 12
1338595582647169026 19
1338595582122848266 18
1338595567308595201 2
1338595561079894016 11
1338595554268483586 15
1338595545049427972 9
1338595539953348610 11
1338595533892575232 6
1338595529354334209 17
1338595525474455552 4
1338595514460213248 16
1338595513466298377 8
1338595509884350464 8
1338595506503610369 22
1338595497154670592 9
1338595495078469632 21
1338595491710373889 17
1338595484429119488 6
1338595473737854994 22
1338595467505127426 15
1338595461528244231 4
1338595433363496961 5
1338595430742024192 7
1338595428842008577 26
1338595425759211526 11
1338595422915469313 9
1338595411490172929 6
1338595400043794432 19
1338595397686747140 11
1338595390346711043 8
1338595389105115137 8
1338595387809075201 8
1338595383832956931 10
1338595382721355776 14
1338595379709956097 15
1338595379370201092 4
1338595377159790601 7
1338595373074575367 12
1338595372877438977 19
1338595369672978435 10
1338595366300753937 10
1338595361368264707 21
1338595358558085120 19
1338595357463355397 8
1338595356414767104 10
1338595349255090180 7
1338595347665281025 9
1338595338496716805 4
1338595335736881160 15
1338595333975191555 1
1338595333534863360 26
1338595332591153152 17
1338595331576049666 22
1338595321417445379 25
1338595319584460800 15
1338595315390193664 5
1338595305177178116 25
1338595302459269123 11
1338595299183431681 9
1338595289058381825 7
1338595288139886592 8
1338595284402704384 9
1338595283962216448 15
1338595280657190913 11
1338595274319654913 9
1338595268414083073 6
1338595261287960576 12
1338595260340039691 5
1338595255311093760 19
1338595241511841797 16
1338595235568492546 21
1338595233945313283 20
1338595223405031425 21
1338595222155096066 25
1338595221484036096 9
1338595217646219272 5
1338595211178614791 6
1338595211031744513 20
1338595199560294400 7
1338595198746701827 15
1338595190253252610 28
1338595189431078912 21
1338595180237234181 6
1338595172418990085 11
1338595169017475075 17
1338595167960510466 24
1338595165636792336 23
1338595157369888768 5
1338595152139493382 16
1338595144480780289 9
1338595141179813889 7
1338595135773437954 6
1338595135567835136 4
1338595134338895874 7
1338595128265478144 13
1338595128181743617 14
1338595126134927370 9
1338595125455429633 9
1338595122443923457 21
1338595119679889411 11
1338595114277597194 9
1338595112859951107 8
1338595111647780864 5
1338595107147313156 18
1338595102923616256 15
1338595081692082187 11
1338595080282779651 23
1338595079968186373 17
1338595078714101762 4
1338595071386501122 9
1338595071160164353 17
1338595064885415940 8
1338595063266414599 29
1338595061588766727 29
1338595053565063168 12
1338595050482241538 5
1338595046501752833 7
1338595043150618625 16
1338595033390469126 24
1338595006182006786 13
1338595004604952579 20
1338595002574835715 21
1338594988112949248 24
1338594982014443524 6
1338594979560747012 8
1338594970652057602 7
1338594939186376706 20
1338594938456596480 6
1338594935801401344 11
1338594924808298503 20
1338594922878947334 17
1338594921373167617 21
1338594916759457794 9
1338594911998840832 2
1338594911545942019 9
1338594907469058050 8
1338594900963700740 3
1338594898493272066 23
1338594894500278273 14
1338594884371013633 5
1338594882269548546 13
1338594877135712258 7
1338594876791934981 20
1338594875831246848 9
1338594864490029056 17
1338594864406155264 17
1338594863001034753 3
1338594848392228864 4
1338594846353797121 5
1338594842297950210 9
1338594837931515906 11
1338594837021470721 21
1338594824069345280 9
1338594812484792324 5
1338594803127377920 12
1338594802745610242 14
1338594799797096450 20
1338594798513565698 13
1338594792264101895 12
1338594790787719173 8
1338594789403598849 5
1338594782814277633 18
1338594780331339776 9
1338594777168744448 11
1338594774832582658 20
1338594773356130305 10
1338594764736901120 4
1338594741081006080 10
1338594739625537539 16
1338594736664285185 7
1338594730817499137 21
1338594726220591105 23
1338594724022792195 18
1338594723255046151 23
1338594718444351499 25
1338594712329084931 9
1338594710827384832 10
1338594710366134272 18
1338594708218654725 10
1338594694272413696 7
1338594690724196352 7
1338594687519764483 8
1338594686978678787 13
1338594681714782208 18
1338594679273771009 9
1338594671208124418 9
1338594670117605379 19
1338594668301459456 6
1338594665906524165 13
1338594663742255107 24
1338594661447966720 4
1338594653768196096 22
1338594650504957955 23
1338594649519370248 8
1338594637737570304 5
1338594637586554881 17
1338594637460725771 21
1338594636898689025 18
1338594625611763714 6
1338594624483409920 5
1338594622545801216 19
1338594622340214796 18
1338594621811798017 16
1338594621308481542 11
1338594613049888770 12
1338594612944973827 12
1338594612936548352 13
1338594612903112704 13
1338594612861165569 11
1338594612831805441 12
1338594612793970694 15
1338594610688438272 6
1338594604589993987 21
1338594600282370049 6
1338594599447752705 4
1338594595194724354 23
1338594589721186314 5
1338594587103830016 6
1338594586575441922 5
1338594579583541248 11
1338594574227292161 7
1338594566216278017 22
1338594563024367616 17
1338594558070976515 11
1338594555680223235 10
1338594552186195968 8
1338594530514317312 19
1338594525334433795 28
1338594521328840708 14
1338594515414888453 5
1338594512990588931 25
1338594511304314880 15
1338594501695246337 13
1338594498016927747 21
1338594483424915461 4
1338594474654502912 14
1338594465985028096 8
1338594461484527623 8
1338594460158988288 6
1338594457432756227 11
1338594450692575234 15
1338594450268884992 29
1338594442438119425 6
1338594434167017475 9
1338594433869221890 5
1338594421579915267 10
1338594421105946625 21
1338594417595265025 19
1338594412167827459 8
1338594408455933952 19
1338594394593779717 16
1338594393952055297 11
1338594391045246976 5
1338594383986298881 8
1338594375593562113 32
1338594373924163588 9
1338594371608973326 5
1338594364877115393 6
1338594358191394817 10
1338594357432213507 20
1338594357407064065 6
1338594355846787079 6
1338594354210934785 6
1338594348741451776 12
1338594344169840653 13
1338594338662658050 26
1338594334992715776 28
1338594325614223360 12
1338594316739076096 8
1338594312054050817 5
1338594311991144449 4
1338594303682240512 22
1338594301618556929 9
1338594298934136833 21
1338594295272632321 8
1338594293863342081 17
1338594255170904064 8
1338594237437390851 4
1338594236954972160 11
1338594236212670467 10
1338594222677630982 25
1338594222199480321 12
1338594209377480708 11
1338594202494627842 2
1338594198937808896 6
1338594195527921665 31
1338594187575513090 18
1338594181162405892 21
1338594177978949637 16
1338594177500631040 5
1338594173184774147 6
1338594164770963457 10
1338594158295048192 13
1338594144604868609 10
1338594142834855936 4
1338594142394474496 11
1338594129614426114 14
1338594127378751488 8
1338594125692669956 9
1338594123201323013 13
1338594123079688192 9
1338594121003401216 9
1338594119786983424 7
1338594115190132737 8
1338594115064360961 14
1338594114951131140 7
1338594108487700480 3
1338594106172444682 12
1338594102653431814 15
1338594098727555080 18
1338594087100960770 20
1338594085259636736 9
1338594080276836354 12
1338594074346008576 8
1338594073175797763 14
1338594066922151939 33
1338594066146193411 5
1338594051562622976 5
1338594051407433734 12
1338594051340251144 15
1338594031979405318 15
1338594030943395840 5
1338594028439416834 18
1338594025876680704 11
1338594018444398593 15
1338594004418629635 13
1338593996608827398 6
1338593996197785603 27
1338593988039860231 9
1338593987754594308 8
1338593986437591045 14
1338593975717007361 11
1338593967420698626 22
1338593967198318593 10
1338593960793698304 5
1338593957153005578 4
1338593956406456321 4
1338593955580153857 9
1338593947355144192 9
1338593947250282500 21
1338593947124297729 11
1338593943810928647 17
1338593930271666179 11
1338593922600333313 21
1338593916275335168 11
1338593916141117452 4
1338593915994329089 21
1338593915058843649 18
1338593913523871760 21
1338593910768230401 17
1338593910487207947 9
1338593909455417345 20
1338593903990239232 23
1338593903365255171 10
1338593901985353731 14
1338593869886271495 16
1338593868212789250 28
1338593862047195139 21
1338593861564833797 8
1338593861166313474 18
1338593857907220480 10
1338593857814949888 22
1338593857093693440 18
1338593839716642817 24
1338593839339233283 14
1338593834293473280 5
1338593821211422723 14
1338593820137693191 12
1338593818300608525 9
1338593817595965452 16
1338593806883622920 3
1338593800307036160 7
1338593799501705221 24
1338593797035470856 9
1338593788613242881 18
1338593788080623616 21
1338593786440650759 5
1338593773463474181 10
1338593773039849477 10
1338593760914137089 11
1338593758900854791 7
1338593757973843968 5
1338593755893555201 15
1338593750570971140 9
1338593750537416710 12
1338593746057826306 16
1338593745789456405 8
1338593733592440832 16
1338593731419791360 11
1338593730475995138 15
1338593724809572359 5
1338593721479204864 17
1338593720183246848 10
1338593708804026369 20
1338593704853069824 9
1338593679250960389 9
1338593675002179590 11
1338593666542182400 11
1338593655699992577 6
1338593653669949448 3
1338593649056247810 6
1338593637433741314 5
1338593627271028736 12
1338593623391105024 5
1338593611122786304 6
1338593606173507584 11
1338593606089777154 14
1338593605846507522 6
1338593602797178880 19
1338593596375781376 5
1338593587441901569 4
1338593576465346565 10
1338593571683901440 3
1338593570882719745 8
1338593552637550593 24
1338593546606002177 80
1338593493246070784 12
1338593490939367429 10
1338593468277514240 6
1338593461973430272 8
1338593451164758017 9
1338593450661466116 8
1338593446265819136 9
1338593436077682689 11
1338593435318689811 7
1338593427345317897 12
1338593420831502336 8
1338593416607830027 7
1338593407397138436 3
1338593406675775493 7
1338593405375565827 21
1338593403873988611 8
1338593396127109121 24
1338593393509851136 5
1338593380964720650 8
1338593375524712449 13
1338593374111215629 4
1338593373834375168 18
1338593370294378500 25
1338593370285944834 11
1338593369963065348 2
1338593369916903431 12
1338593365940637696 7
1338593364212666368 5
1338593363751297027 21
1338593363537354753 20
1338593354821623809 12
1338593354687209473 7
1338593354553155590 12
1338593354481684480 10
1338593354393718786 21
1338593353441669121 21
1338593346537795587 15
1338593345535406087 8
1338593340300857345 4
1338593318775746560 9
1338593311435710470 2
1338593310475231235 7
1338593302472503298 20
1338593301239312385 4
1338593277549940738 8
1338593257970946054 25
1338593248974082052 6
1338593238186246144 6
1338593233513947138 12
1338593231332896775 21
1338593228040400897 16
1338593208348110848 14
1338593206208892930 13
1338593202438279170 5
1338593176051982337 10
1338593171387912193 9
1338593170666483719 22
1338593158163214338 5
1338593156170805249 8
1338593155323670528 23
1338593142375772160 7
1338593135438557187 15
1338593133274296323 1
1338593129193222144 25
1338593125556768770 7
1338593125519011845 6
1338593125325885440 16
1338593123237294080 16
1338593119256907776 14
1338593117965086721 4
1338593114550747137 9
1338593112940113923 6
1338593105759641603 20
1338593104560082960 10
1338593102815133696 8
1338593093327728644 9
1338593089582198789 11
1338593086352609282 6
1338593081541713925 14
1338593078089748480 8
1338593070070239232 9
1338593069189505024 19
1338593062906421250 29
1338593054148734977 14
1338593052844150784 10
1338593041234399233 11
1338593037312790528 7
1338593032959008768 18
1338593022645334021 24
1338593010687356932 21
1338592993083871233 18
1338592987702460416 9
1338592986398138368 7
1338592974448586752 15
1338592971239854091 8
1338592960804425729 7
1338592948104163336 15
1338592936712433664 8
1338592934606856192 11
1338592924280500231 6
1338592923898818562 18
1338592923747840001 13
1338592922103635977 11
1338592920673406976 18
1338592918123245568 13
1338592916185309184 7
1338592909017440258 16
1338592902897954818 7
1338592896291835904 24
1338592886431092738 27
1338592867061821447 10
1338592862989131777 10
1338592857981145093 8
1338592854084612096 22
1338592852129972224 9
1338592851098279939 14
1338592844609695744 8
1338592834065141762 7
1338592833855434753 4
1338592821658460161 9
1338592821524172802 5
1338592809486577668 8
1338592809062965252 30
1338592805363601408 13
1338592805187424258 8
1338592804889571330 14
1338592803660718082 14
1338592800355414016 25
1338592796194852864 11
1338592793422344200 9
1338592784513687552 8
1338592780659134464 10
1338592774187339777 16
1338592774107631624 11
1338592769506422797 14
1338592769296707584 7
1338592768940072960 8
1338592767442886659 21
1338592757858918403 19
1338592731044732931 10
1338592727353733120 10
1338592724933545984 18
1338592723176189957 6
1338592719208394756 22
1338592701500043268 17
1338592698605957132 23
1338592696282337281 7
1338592684802445313 8
1338592683493896198 15
1338592679400267791 6
1338592677005291522 20
1338592672685158400 9
1338592661423464449 14
1338592656767803392 4
1338592655853367296 15
1338592652091154433 6
1338592648937021441 17
1338592648857329666 25
1338592648404332545 20
1338592647599054858 8
1338592645539631104 8
1338592644302299137 11
1338592640305127426 10
1338592640040914944 4
1338592635037081601 33
1338592632042303489 17
1338592629404131337 15
1338592622772953090 25
1338592615143530496 20
1338592613600006144 5
1338592613184651265 8
1338592611540594690 12
1338592609254535168 6
1338592603370119171 7
1338592600207499265 21
1338592591642824705 11
1338592586051760129 19
1338592583765921796 7
1338592571451379713 24
1338592569073262595 17
1338592565914963975 16
1338592562798587904 11
1338592550861606917 25
1338592547569098752 5
1338592533069385730 7
1338592530867384321 23
1338592530334670848 9
1338592523032420353 6
1338592522361303042 10
1338592521983758337 21
1338592508432048128 10
1338592507500896258 10
1338592506267787266 16
1338592492694986758 6
1338592487384952832 5
1338592486181093378 5
1338592485195411456 6
1338592482691592192 10
1338592477931040768 6
1338592467025846273 23
1338592460197523465 22
1338592453314576390 15
1338592452907823116 20
1338592434989670400 6
1338592429449097217 14
1338592429344223234 22
1338592421089865736 20
1338592413070331905 30
1338592412982239232 18
1338592405478494209 15
1338592400009289734 10
1338592391834591235 11
1338592381415743488 9
1338592378622337025 9
1338592369336266762 15
1338592366958096385 22
1338592360154890240 16
1338592357730582528 4
1338592357399203840 5
1338592353846775814 6
1338592348658429953 7
1338592348402577417 11
1338592347978952706 14
1338592343130255361 34
1338592339409989634 2
1338592336968822786 16
1338592333089148930 6
1338592325560389632 14
1338592324906078211 7
1338592323832262662 23
1338592317804957697 8
1338592317649858562 5
1338592313795375106 5
1338592312826400768 25
1338592301749334017 5
1338592294920990735 18
1338592294023335943 8
1338592284963721218 10
1338592279796191232 21
1338592278458347526 12
1338592269927112707 26
1338592267033042949 20
1338592266282217478 4
1338592265565048833 19
1338592264822677504 6
1338592263870574595 19
1338592261253312517 6
1338592219150704640 7
1338592204143648775 6
1338592199915790337 5
1338592187211243527 1
1338592186158501890 21
1338592183079874563 17
1338592178055114756 18
1338592172598304774 8
1338592172090789888 8
1338592169079128064 9
1338592168886349832 16
1338592168328515585 18
1338592166042537985 7
1338592165467987973 18
1338592153761697793 24
1338592140650291208 22
1338592138976747523 11
1338592133083586563 6
1338592132404310019 9
1338592128344215564 16
1338592125571645441 19
1338592118487572483 13
1338592106479226881 6
1338592106345062400 16
1338592101370564615 9
1338592100783443972 17
1338592100309479435 17
1338592099143389187 31
1338592098719821833 9
1338592096240865280 19
1338592094638776324 22
1338592091631480841 11
1338592088028540934 10
1338592084870062081 20
1338592075454042113 12
1338592071607853064 26
1338592070336909314 19
1338592069158395909 21
1338592068969574404 2
1338592064670294017 19
1338592055946223617 16
1338592050200109061 7
1338592046437822476 13
1338592039563374596 4
1338592011637710850 10
1338591995934158848 12
1338591993442734080 23
1338591987327332352 8
1338591976170643456 17
1338591973704421380 6
1338591960047685635 9
1338591951256506369 4
1338591944952274944 21
1338591943819980801 9
1338591939302711300 16
1338591924601708544 10
1338591923196588032 10
1338591914065612801 12
1338591913537056768 16
1338591911997792257 20
1338591911473537037 5
1338591900102782977 6
1338591899288887297 9
1338591896751517697 18
1338591878086799369 5
1338591873506680833 15
1338591872286121985 11
1338591866992926721 16
1338591859044716546 9
1338591858126069762 7
1338591856549130242 19
1338591855785766917 4
1338591854703632393 10
1338591853550170115 14
1338591845601972226 8
1338591845278945284 23
1338591844611944449 10
1338591836504346624 14
1338591829814599685 16
1338591829789298690 5
1338591823623819273 4
1338591818267693059 16
1338591809287708672 22
1338591805684772868 15
1338591801289093121 18
1338591799930212354 24
1338591796071436291 9
1338591786982379524 15
1338591786323865601 3
1338591779835219970 19
1338591770398044164 16
1338591767680016384 15
1338591763536211968 12
1338591762143645705 21
1338591747618742272 14
1338591744414388229 26
1338591743424520193 5
1338591737355399168 9
1338591734054481925 6
1338591730019536901 10
1338591723618963459 6
1338591721098252290 10
1338591710851571712 14
1338591701749915651 7
1338591698914566145 6
1338591698046365696 7
1338591694057455616 14
1338591684939157504 11
1338591684477771778 18
1338591678593167362 7
1338591675304828928 7
1338591670523342851 5
1338591667746705414 20
1338591664835862545 15
1338591652995338244 4
1338591644745150475 8
1338591643335872512 20
1338591638231322631 7
1338591625203871744 17
1338591614827171849 14
1338591613681950720 4
1338591597156569089 8
1338591592991449088 17
1338591589900275712 7
1338591589401120768 4
1338591581260148740 8
1338591575996239875 25
1338591572917694464 5
1338591567167315971 5
1338591561311989763 16
1338591559013584898 4
1338591555884486656 3
1338591550985613313 31
1338591546464079872 5
1338591543956017161 23
1338591539279355912 8
1338591538713161736 6
1338591535508705280 9
1338591532316815364 7
1338591527665283073 16
1338591526096551936 19
1338591522728665091 10
1338591521596170243 19
1338591520128110592 17
1338591518899253249 20
1338591518894985216 14
1338591517930369026 7
1338591516479119362 5
1338591499949277184 5
1338591491443355654 2
1338591490730323972 14
1338591488817713161 18
1338591481259581440 7
