1338610367904292866 12
1338610363751862274 18
1338610357410127875 13
1338610351454232583 11
1338610345011798016 24
1338610339940884482 19
1338610334966423559 25
1338610323486625796 7
1338610317375533056 4
1338610317044162562 18
1338610317027397632 5
1338610315479625737 6
1338610314280046592 5
1338610309909639170 16
1338610307263041540 6
1338610303119077382 19
1338610301441372160 20
1338610300027891715 4
1338610298987622403 17
1338610298735955968 13
1338610291702173696 21
1338610289168674818 26
1338610284093714435 5
1338610275373768704 5
1338610272999706624 7
1338610272718761985 15
1338610271586226177 8
1338610266003689475 7
1338610264304914435 5
1338610244193316866 15
1338610232189194242 22
1338610229978800128 8
1338610221749596166 14
1338610219413344257 14
1338610215902654464 4
1338610215843934209 5
1338610215843926017 6
1338610215621562368 8
1338610215558627328 9
1338610205916016640 6
1338610203948949505 12
1338610200346030082 17
1338610197552492546 18
1338610185514995715 14
1338610184181039105 7
1338610179504484352 7
1338610178342711297 7
1338610178258833408 8
1338610164908298247 13
1338610159254376449 15
1338610153751457804 5
1338610139755126787 11
1338610138685579269 8
1338610136970121217 12
1338610132075376642 5
1338610127973322754 23
1338610122373947395 11
1338610115327500295 17
1338610103403098112 21
1338610091239616513 5
1338610072721772546 7
1338610071173992452 3
1338610064224112640 10
1338610059140419585 16
1338610057441910787 6
1338610054094856194 18
1338610042568908800 11
1338610032812941316 16
1338610022293581831 2
1338610017516326912 11
1338610005772283911 7
1338610001401819139 22
1338609993717850112 10
1338609978064637953 8
1338609977506885640 22
1338609974608588805 10
1338609970603036674 11
1338609965309652992 19
1338609964168998915 23
1338609963954917377 20
1338609945663729671 8
1338609938852143112 4
1338609929041682432 19
1338609916181946369 11
1338609913656979470 5
1338609913287815168 7
1338609911215820800 6
1338609910423154691 7
1338609908036624384 10
1338609907394863109 8
1338609906337902595 6
1338609901925494792 19
1338609893671112704 29
1338609889271296008 21
1338609869440626693 9
1338609867653836801 8
1338609867402129408 16
1338609854810873859 20
1338609850914246656 10
1338609841712078850 16
1338609841267486720 21
1338609840441028608 16
1338609837937225728 24
1338609820660879366 7
1338609820547616774 4
1338609812414885901 28
1338609812251275264 12
1338609811500507137 5
1338609806303752193 11
1338609791665639427 7
1338609790965215234 8
1338609781171499013 12
1338609774880034819 14
1338609770471825415 9
1338609769247019011 5
1338609765514088456 8
1338609764964724736 5
1338609763534442496 7
1338609753665237001 12
1338609752545308676 17
1338609743498272773 11
1338609738377027587 8
1338609734920892418 11
1338609734086238208 26
1338609732962095107 22
1338609727362699272 19
1338609727119482885 12
1338609725861191686 8
1338609719683018759 9
1338609712380735494 10
1338609712380534785 17
1338609712334577666 7
1338609712267333632 9
1338609712208605185 27
1338609712179204096 13
1338609712166825986 5
1338609710480683008 6
1338609708635205632 17
1338609700091416578 17
1338609695666417665 12
1338609690255757328 12
1338609688762527746 15
1338609669766586369 6
1338609660966957057 14
1338609658760736769 14
1338609657036812290 4
1338609650594422785 13
1338609641660485632 29
1338609628918259717 23
1338609619674017792 8
1338609619321708545 6
1338609619149656064 22
1338609617983639554 9
1338609617774010368 16
1338609617568460802 4
1338609594323570689 10
1338609592771641344 19
1338609589835722754 4
1338609583770710019 24
1338609581547802624 8
1338609578926366724 20
1338609578087419905 5
1338609576430735361 10
1338609575340220417 6
1338609574530576385 18
1338609564565041153 7
1338609562405003265 10
1338609558437076994 5
1338609542284922882 10
1338609536622604290 11
1338609534244429832 2
1338609532105330689 21
1338609528015884290 16
1338609527449669639 2
1338609525675470851 18
1338609522412236800 12
1338609512094248962 10
1338609507509829632 20
1338609500618678277 7
1338609494507524096 6
1338609488295813126 7
1338609477734510594 14
1338609476786597888 2
1338609467907313664 6
1338609464396689416 11
1338609462974717952 12
1338609460357566465 6
1338609453139103744 10
1338609448881885184 22
1338609448479240196 2
1338609445857800200 13
1338609445354532876 8
1338609441848094724 9
1338609439461564416 19
1338609430108188677 14
1338609429890076672 16
1338609427990065155 10
1338609422881402884 8
1338609421425905664 9
1338609416992657408 8
1338609412261482501 80
1338609410709581824 10
1338609407832322055 16
1338609401830182915 4
1338609401536663557 20
1338609400446148612 5
1338609398005059585 6
1338609382603563009 4
1338609377012486150 21
1338609375905275906 6
1338609371794837504 5
1338609366233194510 4
1338609364287025154 19
1338609348784910348 17
1338609343625916426 6
1338609335107084289 4
1338609323761520641 15
1338609317130354689 8
1338609292073721859 8
1338609291998027776 10
1338609289578033161 13
1338609289456463878 13
1338609285098508289 6
1338609282795925507 7
1338609279947972612 4
1338609272154972161 12
1338609263975878656 12
1338609259186016256 14
1338609248666857472 4
1338609244866801665 9
1338609244178878469 18
1338609242471849985 5
1338609241150517249 8
1338609236960538625 7
1338609236851486723 5
1338609235068936194 8
1338609233600806918 7
1338609232258748418 23
1338609231914823680 12
1338609222515351553 6
1338609222116925440 18
1338609218702761987 9
1338609213615075329 17
1338609210871984130 8
1338609206858014726 15
1338609191766945793 8
1338609188868681731 24
1338609188554104836 10
1338609185928437762 12
1338609183768403972 7
1338609182187073544 8
1338609178173206537 11
1338609168194924547 4
1338609147877724164 10
1338609143914115073 11
1338609130009923584 6
1338609127178854400 20
1338609110263205896 12
1338609103426433025 20
1338609093699833858 22
1338609085458112523 8
1338609080479395841 18
1338609080458469376 5
1338609076662661121 11
1338609070538973186 21
1338609065258192896 10
1338609052125982721 12
1338609048556597251 10
1338609044735582209 9
1338609037605269510 6
1338609034979651586 8
1338609031485796353 17
1338609027136286721 5
1338609014142357514 6
1338609013831962624 4
1338609000481492994 16
1338608996505161728 6
1338608995402182658 19
1338608989513322497 5
1338608966813696000 7
1338608957263204352 12
1338608957246427137 9
1338608955858292740 4
1338608946496593922 22
1338608942000312321 22
1338608939244589056 5
1338608927546683395 27
1338608927227916295 12
1338608921309814788 6
1338608911843090433 7
1338608908953382913 12
1338608907560898564 4
1338608900451557377 23
1338608900371726336 8
1338608893723881476 8
1338608874086166529 21
1338608867438157824 4
1338608854263865350 7
1338608854045749249 18
1338608843421483008 8
1338608843274801158 20
1338608839856361473 14
1338608836513501185 4
1338608834269622272 21
1338608826522677249 9
1338608822450081796 6
1338608819052687364 25
1338608818423558146 11
1338608813352644608 7
1338608809925701633 4
1338608806117462017 10
1338608805903536138 5
1338608801268834304 3
1338608789122129923 5
1338608784759918593 4
1338608784156004355 4
1338608783111680007 20
1338608780444098560 4
1338608779924021249 15
1338608778472693760 11
1338608773540294663 7
1338608760374370304 9
1338608745228750848 7
1338608743605542913 13
1338608743311941639 10
1338608738568171522 21
1338608736483614721 18
1338608734852042752 6
1338608727776178177 18
1338608723833606154 16
1338608723296735235 6
1338608722571038722 8
1338608718817189889 5
1338608717294678024 14
1338608716774518787 4
1338608711745593345 17
1338608709837205506 12
1338608705609187329 21
1338608691994619904 18
1338608691944296452 15
1338608689368928256 19
1338608676999999488 7
1338608673892020227 8
1338608673380315136 8
1338608667235643392 21
1338608663863422978 18
1338608659715284996 17
1338608659304243207 10
1338608658721214465 6
1338608657412591618 18
1338608657211113473 21
1338608654308831232 9
1338608642975739905 4
1338608641755242500 24
1338608627364540421 7
1338608609870090241 17
1338608606795730946 19
1338608605625520129 12
1338608605101232130 6
1338608603121537025 11
1338608601062125579 24
1338608599292121088 6
1338608585014714371 12
1338608578874269696 8
1338608574004670469 22
1338608569097269252 8
1338608565205004294 11
1338608563783086082 18
1338608562810007552 22
1338608553389645830 26
1338608552605323264 5
1338608551191785477 13
1338608548922712064 15
1338608548176146432 12
1338608544988475394 12
1338608542765490177 21
1338608542698401793 8
1338608541565923331 19
1338608538533367808 7
1338608534796333064 13
1338608524310556675 20
1338608523761102853 5
1338608522603466753 6
1338608519742976012 5
1338608514730758152 6
1338608509760512000 9
1338608507960971264 6
1338608505486446597 10
1338608501694681088 14
1338608494895915009 15
1338608494472273920 4
1338608489531404288 19
1338608489225138177 21
1338608485005750276 15
1338608483344715781 19
1338608482313007104 18
1338608480891047941 8
1338608479771242497 23
1338608479431503874 17
1338608479259463682 4
1338608477934071810 19
1338608476172525569 29
1338608475128020992 18
1338608474192752643 11
1338608468966715393 10
1338608465506414592 15
1338608461890850819 26
1338608459550486538 15
1338608459256897536 9
1338608458686476289 19
1338608454626234370 11
1338608454592647168 5
1338608454210998272 17
1338608454076928000 8
1338608453980364802 12
1338608444576854016 11
1338608434250395649 16
1338608429859016706 4
1338608426306465796 20
1338608426033819648 21
1338608419784306690 3
1338608418261700608 14
1338608416407875585 9
1338608405813071876 25
1338608405531996163 10
1338608404936396803 9
1338608396560371713 2
1338608395956482049 7
1338608392475127820 4
1338608379573493766 20
1338608377941856262 10
1338608375807037442 9
1338608370014695425 5
1338608367703646214 5
1338608366717956097 16
1338608361999360002 7
1338608357796671488 8
1338608353392652289 24
1338608350217588739 6
1338608348153974784 9
1338608347512238080 24
1338608337806647301 18
1338608337261371393 16
1338608335256489984 8
1338608319292993537 16
1338608317510397954 19
1338608304923181057 5
1338608298896003075 14
1338608294089400321 7
1338608286753583110 4
1338608275596644354 10
1338608259003912192 6
1338608256739127297 22
1338608253673107461 14
1338608252905533442 12
1338608250388959238 5
1338608239601016833 9
1338608220642963456 13
1338608217119715330 7
1338608215337136131 4
1338608206990331904 9
1338608204901539840 3
1338608200023674882 4
1338608190557216775 8
1338608188254457857 3
1338608187986112519 27
1338608185582759939 21
1338608182143426561 27
1338608173951881216 27
1338608171519238152 8
1338608168658743299 12
1338608156809814017 7
1338608155312459783 8
1338608153718640641 7
1338608149004242947 7
1338608135213355010 9
1338608129416818690 8
1338608118901559296 12
1338608114485121032 8
1338608111813332994 7
1338608105467375618 19
1338608098479665158 62
1338608096457990146 4
1338608095413538816 11
1338608095203823623 8
1338608091944919041 5
1338608090145579017 11
1338608087264088065 8
1338608086613970946 20
1338608086236348417 10
1338608081291390976 7
1338608080360239104 10
1338608075859767296 8
1338608075524038656 17
1338608055458664450 8
1338608049355976706 9
1338608042833833988 14
1338608042246615049 18
1338608042166923267 6
1338608039243427840 16
1338608037498679297 8
1338608036819165193 5
1338608032490663942 20
1338608032205463552 8
1338608025712685059 9
1338608016464154630 6
1338608014174138372 17
1338608008847306753 15
1338608007928717312 10
1338608004069994501 8
1338608002820173828 7
1338608002316832771 5
1338608001041784836 9
1338607998495821826 3
1338607993290706945 19
1338607991801737218 20
1338607989507444738 15
1338607987578073089 6
1338607987196370953 4
1338607986227486726 1
1338607976354033665 14
1338607974793801731 23
1338607972759580675 6
1338607972713377792 2
1338607972105265154 5
1338607950764646401 14
1338607948688449536 4
1338607944926195714 22
1338607944099790849 21
1338607943449767941 8
1338607934851350528 7
1338607922578862092 4
1338607904618909699 8
1338607898910482439 6
1338607891524296704 5
1338607872830283782 24
1338607860364812289 30
1338607855709130753 23
1338607845965770756 19
1338607845730889732 5
1338607844283838464 14
1338607842530627584 14
1338607842018914306 5
1338607841570074629 8
1338607832929865745 8
1338607819478667264 16
1338607817859756033 11
1338607800168181766 3
1338607794690416648 18
1338607792861687809 15
1338607785437749251 7
1338607782594031618 9
1338607768551485441 9
1338607765237985282 20
1338607764910858241 11
1338607757042266116 26
1338607756870377474 20
1338607754412437504 9
1338607749844779009 15
1338607740806164484 9
1338607737777885189 22
1338607735190016002 5
1338607723286589442 8
1338607716038815753 9
1338607712448483332 27
1338607710317793281 7
1338607708744900610 8
1338607706219966465 13
1338607701622984707 17
1338607700163391489 9
1338607696543670272 16
1338607689098801153 12
1338607685751738370 21
1338607679313424385 11
1338607678948593667 9
1338607677971296261 4
1338607676293570560 5
1338607675425361932 9
1338607665870753792 8
1338607655825367043 22
1338607639522123777 4
1338607629204013061 19
1338607623067873282 3
1338607621272727561 16
1338607605724426242 9
1338607597155397638 14
1338607583465181187 8
1338607579879116802 11
1338607571737907206 14
1338607566893486081 16
1338607564565647369 7
1338607561403142145 7
1338607551143821312 20
1338607549373931521 8
1338607546375041026 16
1338607543573213187 15
1338607532798046210 7
1338607530763841538 18
1338607518340313090 16
1338607515538501638 6
1338607514422706176 18
1338607509515407365 14
1338607507024072704 8
1338607505891581952 18
1338607496118853639 26
1338607494512435205 21
1338607494302666752 5
1338607490775257095 21
1338607490762674177 11
1338607490695655428 16
1338607483439304704 5
1338607483007471617 18
1338607481682079750 18
1338607481010987008 9
1338607479891095553 10
1338607466947506183 9
1338607464074317828 14
1338607449968947200 19
1338607449566310403 7
1338607447569739785 16
1338607447393505280 20
1338607438925357057 6
1338607438577213449 8
1338607438308790273 5
1338607435737608195 11
1338607434152206338 21
1338607428104019970 18
1338607427835617287 4
1338607423045722113 19
1338607415365955585 21
1338607414694842370 14
1338607413876969476 14
1338607395547832320 6
1338607386005811200 10
1338607380309925895 6
1338607371782918147 12
1338607355337043983 3
1338607351159549958 7
1338607349620219906 17
1338607340086587392 17
1338607339574800391 20
1338607334424100865 8
1338607333455273985 13
1338607330456264706 10
1338607326916382727 11
1338607321677754369 9
1338607318263619584 8
1338607316464234499 8
1338607311720419329 25
1338607310281666560 20
1338607301935194114 20
1338607301448658950 13
1338607298273488901 6
1338607297937870848 18
1338607293554962434 4
1338607277973049344 9
1338607277318737921 5
1338607263540449281 10
1338607263141990404 11
1338607260914896896 21
1338607257983078400 23
1338607234914414592 10
1338607224491536388 16
1338607218309128193 15
1338607213762506752 7
1338607213573705730 7
1338607209438175234 5
1338607201577996289 18
1338607197895405569 13
1338607195848466432 6
1338607195840102400 18
1338607195722637312 17
1338607195642941445 8
1338607181273288705 4
1338607175535652864 17
1338607162017386504 12
1338607157848248321 4
1338607150990553090 8
1338607150768279553 18
1338607150151708675 3
1338607149811965957 22
1338607142358511616 7
1338607139171004420 9
1338607137602363393 7
1338607133395460096 5
1338607125627625475 8
1338607119898173442 7
1338607115221544963 9
1338607113887739906 13
1338607113703198725 7
1338607101074153475 19
1338607093985767424 11
1338607086591234051 3
1338607085022568448 6
1338607081566466055 17
1338607059441475586 22
1338607053905027073 3
1338607046694989829 18
1338607035265511430 15
1338607030316175360 3
1338607029334781958 6
1338607029187993603 9
1338607017955651585 2
1338606985902772224 9
1338606977103126534 14
1338606960934051840 8
1338606954294423559 12
1338606948040773634 21
1338606947847835651 16
1338606945868132357 16
1338606938536505345 10
1338606937915731971 5
1338606929455804424 5
1338606925160779784 23
1338606920823877645 20
1338606910866677763 15
1338606910187032581 5
1338606908400312320 7
1338606908152967168 19
1338606896333398019 4
1338606895985115136 11
1338606894991159300 12
1338606889463058434 11
1338606888905269248 23
1338606884484493314 6
1338606876838277126 5
1338606873189167106 9
1338606869020106754 17
1338606868382568452 24
1338606867124281350 18
1338606864733511680 8
1338606859675185157 4
1338606858240659456 25
1338606853094334466 17
1338606835754921984 13
1338606832181514242 2
1338606828586848256 6
1338606822526234629 5
1338606818059296769 13
1338606813667864576 4
1338606813361672203 7
1338606788552368129 18
1338606783955410945 10
1338606782822961155 5
1338606762803552256 9
1338606756218499072 7
1338606750346383373 6
1338606742196924417 21
1338606739768274944 19
1338606738426224642 2
1338606736006144004 7
1338606734726758400 17
1338606732235386887 17
1338606725776240640 10
1338606719820124160 9
1338606716368384002 22
1338606714485047296 9
1338606712157315078 23
1338606711121215490 9
1338606710299242503 6
1338606708697026560 30
1338606706989936640 15
1338606703990820864 6
1338606697137524736 6
1338606693937270787 14
1338606693924659200 13
1338606690552442882 7
1338606676849594370 15
1338606665625726978 15
1338606661464940554 8
1338606658726096896 11
1338606657182396416 19
1338606646776434689 6
1338606646155677696 29
1338606639067267072 10
1338606632150978564 6
1338606624127250433 8
1338606613297573888 20
1338606610990702598 18
1338606606637015040 22
1338606604724396033 11
1338606602883133440 14
1338606600135774209 5
1338606597682106368 18
1338606593869492228 19
1338606592934162437 18
1338606590765699076 19
1338606586626011137 12
1338606585761980424 15
1338606582440062977 7
1338606569517424644 34
1338606567512535041 26
1338606565788618753 12
1338606553600057345 12
1338606552324976641 25
1338606545454698496 6
1338606541247754240 18
1338606539964362755 14
1338606530283909120 6
1338606530195824641 21
1338606528908161025 5
1338606519651332097 23
1338606518116167682 16
1338606515133943808 16
1338606511749279758 7
1338606510755164167 10
1338606508871987209 15
1338606495211012098 5
1338606488311517184 16
1338606487552356355 8
1338606484398149635 10
1338606478819815429 15
1338606468937838595 4
1338606459664404482 7
1338606459072942080 3
1338606456732585987 18
1338606454450745344 19
1338606451477127170 5
1338606448004243462 18
1338606444879499265 13
1338606444787027968 12
1338606440865431554 6
1338606440819404801 13
1338606440710168578 15
1338606439749869570 11
1338606434985140230 8
1338606431562416128 11
1338606430966976512 14
1338606430929235971 6
1338606427749888001 14
1338606424348364802 16
1338606423459115012 9
1338606423287193601 12
1338606414684549120 7
1338606413833232384 18
1338606406149214214 9
1338606397362233344 22
1338606397341241344 14
1338606392521920514 10
1338606365749760000 8
1338606356790718464 10
1338606337132007441 4
1338606329041047552 8
1338606323261452289 10
1338606319448809478 10
1338606310787526657 25
1338606310779129858 3
1338606299924324353 16
1338606297822932992 7
1338606286271811584 6
1338606280274010114 6
1338606276272648197 17
1338606262670471168 10
1338606260380430337 12
1338606257830236162 9
1338606249462669313 10
1338606248011423744 21
1338606245855567872 2
1338606236653269004 9
1338606223445340161 9
1338606219523665922 13
1338606218777124866 4
1338606206664003586 7
1338606201655840768 12
1338606201601396739 7
1338606200691286027 7
1338606200372473857 9
1338606196954107904 26
1338606196689936389 3
1338606196677283841 7
1338606196236935169 15
1338606194735411201 17
1338606191807705096 18
1338606191799365632 5
1338606189110759425 7
1338606189047930888 21
1338606164452503554 22
1338606163995332611 13
1338606154801438720 20
1338606140528144384 18
1338606138678530050 8
1338606136199622657 9
1338606128733810692 2
1338606124669526020 19
1338606123335749634 9
1338606119846076419 6
1338606118399078404 9
1338606114389241863 4
1338606113214902274 22
1338606112661180417 22
1338606111151316994 14
1338606111042179074 19
1338606109058273284 4
1338606108085252113 13
1338606105639968778 18
1338606104121634817 5
1338606091102515200 7
1338606089324130305 5
1338606085414871041 11
1338606083938668545 15
1338606080881012740 8
1338606079966474241 17
1338606079387774977 21
1338606075852054531 21
1338606075201925123 26
1338606068549685250 10
1338606065370402816 12
1338606060953882630 22
1338606053684998147 12
1338606046726778881 12
1338606043069288451 8
1338606027458097155 7
1338606027009368065 14
1338606020508127233 15
1338606012459339776 14
1338606006201245697 17
1338606005018562572 8
1338605990560878596 7
1338605990464409604 19
1338605989864628228 8
1338605985611591682 20
1338605984223260675 8
1338605980561641473 8
1338605977734623234 13
1338605973506756614 7
1338605954368221185 32
1338605950417166336 9
1338605948978466818 7
1338605937720918016 13
1338605921732161537 11
1338605907261988866 17
1338605889159372800 8
1338605887603273728 9
1338605882641428480 15
1338605879114010627 16
1338605868997337095 9
1338605862886264837 7
1338605856989081600 15
1338605853415452674 7
1338605852928905221 14
1338605847186796545 6
1338605837690888193 5
1338605835505823744 22
1338605830976008196 13
1338605823321387008 17
1338605821220032518 10
1338605802878328832 7
1338605798700830723 24
1338605793214484480 17
1338605783366438913 19
1338605763816792067 6
1338605756732608512 5
1338605739288522752 17
1338605728563544064 21
1338605724809588736 16
1338605721701769217 25
1338605716085600258 11
1338605709739569152 7
1338605698209505282 25
1338605696514838529 4
1338605695982129152 4
1338605694837272577 8
1338605692853374984 19
1338605691645423630 8
1338605691607592963 10
1338605686146547713 10
1338605682556342272 14
1338605677372063744 12
1338605675564425219 13
1338605673245003777 6
1338605670908780544 16
1338605663866458113 4
1338605655888982019 5
1338605650864168966 5
1338605646879608837 13
1338605644245512193 18
1338605642458800129 10
1338605611735535617 3
1338605608900177922 19
1338605608321355788 23
1338605608153575424 3
1338605599744012290 27
1338605599089717248 10
1338605597101617152 6
1338605581066776581 7
1338605580706078722 5
1338605577904263171 4
1338605577879121923 21
1338605571423997954 20
1338605564637585409 18
1338605563803017222 9
1338605562733400064 28
1338605556639166466 9
1338605554982326272 4
1338605542273654786 15
1338605535273357312 9
1338605533662748675 8
1338605530693120000 19
1338605523256696836 11
1338605502327042051 7
