1338561408691302405 12
1338561401623773185 20
1338561397836443649 9
1338561397416988672 13
1338561395512602624 17
1338561394875248640 4
1338561394002731008 12
1338561393868632069 17
1338561388046913537 5
1338561386444705795 8
1338561386109042688 12
1338561385916215296 3
1338561384431423489 9
1338561382481096704 8
1338561375686299648 18
1338561372884492289 4
1338561372305715201 30
1338561363979931650 5
1338561363589861379 4
1338561363199844352 4
1338561355696250882 22
1338561350872731648 18
1338561348674981890 9
1338561339208286208 9
1338561334007500800 9
1338561331885203458 5
1338561331021176835 6
1338561329934766083 13
1338561329465069570 6
1338561323974729735 15
1338561319268659207 7
1338561314462035969 8
1338561301799444491 19
1338561298821476352 17
1338561288989970438 9
1338561288625139716 12
1338561288406896640 16
1338561280399998976 8
1338561277732532225 2
1338561277334052870 22
1338561277254361088 14
1338561277187198976 6
1338561276642021381 8
1338561258820349953 21
1338561257167794185 11
1338561255288811521 21
1338561251769798658 5
1338561234833203202 5
1338561227757412355 11
1338561214604042247 14
1338561214524366853 23
1338561214184566786 6
1338561213417086977 9
1338561191849889792 19
1338561189085843456 12
1338561176368603136 14
1338561174141591560 7
1338561168118575105 15
1338561166184943616 8
1338561163936796674 8
1338561157985087490 10
1338561152557658112 5
1338561143137312772 9
1338561142428352513 6
1338561130764115971 8
1338561128360710154 7
1338561128121720840 5
1338561119758282753 10
1338561117652705286 12
1338561110191038466 16
1338561105652817923 9
1338561105103376389 17
1338561100225409027 14
1338561098367307777 9
1338561094214967298 7
1338561090339434498 5
1338561088175165447 7
1338561086115688453 6
1338561082693218306 5
1338561082496086023 9
1338561070638755858 4
1338561066935209986 5
1338561060605997058 6
1338561059867799560 7
1338561058462715905 6
1338561057405755394 24
1338561042540949504 12
1338561036698447873 22
1338561036123840513 8
1338561026556628999 14
1338561018088316928 7
1338561015999590402 28
1338561014900678656 16
1338561011595489282 10
1338561008227536900 6
1338561006486904840 5
1338560999897624578 14
1338560998626746370 5
1338560989818724357 3
1338560987939696642 7
1338560974132039685 29
1338560968582967296 19
1338560962710867970 2
1338560962656231425 9
1338560961754566656 10
1338560953504460800 6
1338560947150073856 5
1338560946818568192 5
1338560940850212865 5
1338560937331142657 13
1338560937066840064 23
1338560935544418307 11
1338560935225602048 12
1338560934655115264 8
1338560931840856068 7
1338560931576614912 6
1338560925159337986 18
1338560924618289155 16
1338560923540328454 8
1338560923284500487 11
1338560917164920834 11
1338560908994502656 8
1338560890740719616 12
1338560890636017668 16
1338560890572967936 20
1338560872558444545 20
1338560869643530242 19
1338560866069999616 25
1338560863729561602 17
1338560859610746887 34
1338560859577126913 18
1338560850840285189 7
1338560849674432515 23
1338560844419002369 7
1338560843420737538 20
1338560834876952577 18
1338560827109076992 5
1338560817793527808 5
1338560816229064709 12
1338560814568058881 12
1338560814173868037 10
1338560812600840193 9
1338560805059620867 11
1338560799820943362 4
1338560797484658697 8
1338560790920646657 11
1338560789586857985 4
1338560787816861697 10
1338560771035435011 11
1338560770674659338 27
1338560763166937088 3
1338560761086480384 19
1338560755537424398 4
1338560751162822665 4
1338560747463471107 8
1338560742593875968 24
1338560734201049096 10
1338560717633548289 8
1338560716538863616 11
1338560716438188032 17
1338560713766395904 23
1338560711895736325 13
1338560710599712769 6
1338560702747971585 11
1338560700940161025 17
1338560694187294721 16
1338560691985321987 23
1338560691951652864 4
1338560688667713546 6
1338560686197182471 11
1338560680778223623 20
1338560678857236483 17
1338560673236873220 9
1338560667981402120 21
1338560665355755528 20
1338560660234514434 12
1338560658141483015 7
1338560657793302528 9
1338560656761630721 20
1338560655352344577 10
1338560655088029697 16
1338560654500827139 10
1338560651573121024 8
1338560651074052097 3
1338560647047557121 9
1338560642526097408 15
1338560641465012230 29
1338560640550641668 21
1338560639233486848 9
1338560639220940800 12
1338560635706232836 16
1338560629771218944 8
1338560618614431746 3
1338560610037018625 18
1338560600046268420 7
1338560595583524865 5
1338560595096956930 4
1338560593041756161 19
1338560580576292867 14
1338560576574918657 6
1338560573550768128 15
1338560569125851136 5
1338560567498448898 19
1338560566521192452 13
1338560561588490240 19
1338560553955024896 9
1338560551413297159 16
1338560544622731275 12
1338560538129952768 5
1338560526687748096 21
1338560524389408778 9
1338560523822981121 6
1338560511932297216 9
1338560511756144642 6
1338560509944229891 17
1338560509939879936 22
1338560492261040140 16
1338560492005101568 21
1338560489895374848 8
1338560488242810880 6
1338560482261733378 19
1338560476733648902 10
1338560467313291265 5
1338560466642202625 21
1338560466449215490 8
1338560462707974145 21
1338560462506651648 15
1338560454663299074 19
1338560453270773761 8
1338560452599672833 7
1338560452041846785 6
1338560446387920911 21
1338560441396682756 9
1338560438796247050 11
1338560435000369152 11
1338560428344008712 15
1338560412548169728 8
1338560411856080898 22
1338560403664564227 9
1338560403345989639 8
1338560402150584323 12
1338560400254590977 10
1338560398971244544 12
1338560393892028416 16
1338560374694670337 16
1338560373306380291 14
1338560364536066048 7
1338560349306380289 20
1338560337835069443 18
1338560336799023104 22
1338560336748752898 16
1338560335389863936 10
1338560334949441554 19
1338560333753896963 6
1338560328225976324 15
1338560327982735364 9
1338560317996011524 12
1338560316922327042 13
1338560315605311494 4
1338560307216707587 5
1338560303714406400 7
1338560293669105664 7
1338560292599582724 11
1338560291395809280 8
1338560287239237633 5
1338560284206755843 10
1338560275964944388 7
1338560275822358529 27
1338560275486830596 24
1338560271351222274 6
1338560261729505282 8
1338560259686805505 6
1338560257329606657 17
1338560256151052291 27
1338560251348529154 19
1338560248928407557 18
1338560237662576641 15
1338560215311069187 23
1338560206184341504 21
1338560200857563136 6
1338560199464988672 9
1338560195774058497 22
1338560193748152322 28
1338560183681880066 10
1338560175842750465 7
1338560174517260290 10
1338560166199963652 8
1338560165877059587 10
1338560161741475841 9
1338560157261946882 6
1338560152362893313 5
1338560151922552836 10
1338560149531881474 23
1338560141923393542 13
1338560141512372226 21
1338560138857287680 16
1338560138169430020 14
1338560135879266304 16
1338560121069301762 10
1338560118380703747 13
1338560096696229889 29
1338560096041918467 8
1338560086445264897 15
1338560084037734403 15
1338560083865776129 5
1338560083752611844 7
1338560079499571202 9
1338560075724693511 22
1338560070402105350 12
1338560068317548548 6
1338560068128808960 10
1338560061354946563 21
1338560057684996100 14
1338560044648943621 19
1338560043696971776 3
1338560040979009539 17
1338560040433713152 9
1338560037250359296 9
1338560036486963203 6
1338560033613893632 25
1338560031038574602 15
1338560029906112514 19
1338560027192406017 20
1338560014512836608 9
1338559999451287552 19
1338559979306045442 18
1338559976260984835 11
1338559975929438208 9
1338559974159441920 6
1338559973010395136 5
1338559965364178948 9
1338559964365852678 17
1338559960729477130 14
1338559957281726469 12
1338559956883222528 19
1338559951917223937 7
1338559948402421761 14
1338559938541580289 3
1338559937589485568 24
1338559934905147393 5
1338559934594752514 6
1338559934129184771 20
1338559932690542592 8
1338559923706269698 21
1338559921084723200 17
1338559920656904192 14
1338559914948628488 12
1338559912817930241 8
1338559910192222214 6
1338559909835792385 8
1338559906971062276 8
1338559906832670720 6
1338559906350239748 9
1338559905079435264 7
1338559904890712064 6
1338559900595589121 7
1338559900130140160 19
1338559899588968448 11
1338559899232591886 7
1338559898351595520 17
1338559886679044097 19
1338559884703526915 12
1338559880794419203 8
1338559871608872963 20
1338559862439985154 14
1338559858233184259 12
1338559856240959488 21
1338559853460074498 8
1338559846833065986 15
1338559844891156483 16
1338559839153381382 20
1338559838897512451 17
1338559833805643784 9
1338559829833560064 10
1338559825760948230 20
1338559819792453634 20
1338559819654029314 17
1338559816395091975 14
1338559815400951811 15
1338559812360167429 5
1338559811538087936 8
1338559811286392834 9
1338559808774033409 20
1338559804986560512 15
1338559798028029952 20
1338559794370797573 27
1338559785290043393 8
1338559782488330244 17
1338559776788078593 10
1338559768793927682 1
1338559767166545924 10
1338559766759698433 14
1338559765333553153 18
1338559763743993857 9
1338559762288537600 9
1338559755296657408 13
1338559753673437184 13
1338559749680459778 4
1338559747604279296 19
1338559742449512450 9
1338559737865117698 10
1338559736871079937 9
1338559728058847232 7
1338559722488795138 15
1338559716503511045 7
1338559715824033792 21
1338559713139695620 5
1338559711486955521 13
1338559710044311555 11
1338559709964591107 7
1338559708236537858 12
1338559701902999554 29
1338559701022363649 19
1338559698178629633 12
1338559697322913799 17
1338559695540244481 6
1338559691966869508 7
1338559673490956289 19
1338559672316551172 7
1338559671838208002 7
1338559670374567943 6
1338559667535024129 10
1338559666910081024 18
1338559655220568068 8
1338559654012530693 10
1338559651441487874 6
1338559649969213444 11
1338559644407652356 4
1338559643510075395 4
1338559637365329923 7
1338559634546757633 6
1338559634391654409 14
1338559633129168896 14
1338559632051220487 19
1338559627483607041 8
1338559624396541958 18
1338559617727655936 11
1338559616486166528 9
1338559608672186369 19
1338559602535792640 22
1338559600354791424 7
1338559598651904002 8
1338559592628883458 9
1338559589172846596 12
1338559586052304899 9
1338559585104371716 7
1338559584286494721 12
1338559584148086785 7
1338559581350453250 6
1338559580096368640 24
1338559578951229441 6
1338559577990815744 27
1338559567559581698 15
1338559555740037124 5
1338559552023896067 6
1338559549146591234 3
1338559547657629696 24
1338559545224941569 9
1338559542418923521 20
1338559540011409411 25
1338559530779746309 10
1338559529135566848 7
1338559528741163009 15
1338559526602231810 5
1338559524454739973 10
1338559522579894279 10
1338559522286125057 17
1338559522101735426 3
1338559521023733761 6
1338559520189124612 3
1338559516938473474 9
1338559513754931201 8
1338559510483521536 12
1338559506628759552 8
1338559504397561856 12
1338559502656761856 7
1338559494700359680 19
1338559493483995137 22
1338559487028965381 12
1338559480477396994 6
1338559477801512963 6
1338559465310793729 10
1338559461544390658 14
1338559459304624129 9
1338559451574497286 11
1338559451427647488 7
1338559447787069448 23
1338559446696464397 5
1338559445736026115 27
1338559441839460354 5
1338559440446869505 15
1338559440027439107 10
1338559439885004804 15
1338559439234863108 22
1338559439020953602 8
1338559438526050312 7
1338559435430572035 3
1338559430779166720 10
1338559427121717252 7
1338559424970055682 19
1338559423229386752 6
1338559422604455942 17
1338559419194499076 8
1338559415910273026 20
1338559414761086978 26
1338559411787362304 9
1338559410243768321 14
1338559407706288128 25
1338559407244894209 22
1338559405391048704 11
1338559402115276800 7
1338559401800704001 15
1338559401507102722 8
1338559401330954246 24
1338559398713626624 14
1338559393324032003 27
1338559392896196612 19
1338559389150584837 5
1338559388462800897 7
1338559387913256961 13
1338559387820904449 20
1338559387632345088 8
1338559387514724354 12
1338559387061936130 17
1338559386818633730 14
1338559386621419520 10
1338559386512310272 4
1338559386403352578 4
1338559386386649091 6
1338559386386538496 13
1338559385778475013 7
1338559385170182144 18
1338559384876552193 13
1338559384734097408 4
1338559384704614407 9
1338559384675209217 5
1338559384570519554 17
1338559384532754434 10
1338559384268517383 14
1338559383995748352 25
1338559383588880384 7
1338559383584829448 11
1338559383555493891 7
1338559383458869249 22
1338559383383515151 16
1338559383324672002 17
1338559383106555904 7
1338559382720753665 22
1338559382246858758 21
1338559382020268032 13
1338559381978411012 13
1338559381621891078 18
1338559381508681733 22
1338559381374439442 22
1338559381177188352 12
1338559380845899778 8
1338559380732735490 17
1338559380564791297 16
1338559380539789314 18
1338559380480933889 8
1338559378694176768 22
1338559370649427969 8
1338559364962127872 15
1338559364072869888 20
1338559361258577926 19
1338559360272920577 21
1338559358641332226 6
1338559350663749634 19
1338559348352675842 19
1338559344414253056 20
1338559340916088832 24
1338559337791447040 21
1338559331717971968 19
1338559323816030209 15
1338559322264133639 11
1338559320145977345 12
1338559311467966465 9
1338559310998220805 13
1338559304656412680 26
1338559303502995459 5
1338559297547087874 5
1338559291696050176 14
1338559290173480960 18
1338559274105049088 7
1338559271257198593 13
1338559270112071680 25
1338559265888489473 8
1338559265573904384 6
1338559264948768769 8
1338559264596570117 8
1338559263732449280 3
1338559261463470080 9
1338559251032248325 21
1338559242853355523 4
1338559233952976897 12
1338559219302342659 11
1338559218132135938 19
1338559208426528773 13
1338559196204310529 15
1338559194996371458 22
1338559194107088901 16
1338559191703822337 7
1338559191460491266 16
1338559187664711681 5
1338559174393860096 26
1338559174221950978 11
1338559173446000642 24
1338559172267421699 6
1338559169453023232 7
1338559168689606657 8
1338559168182185985 12
1338559163304206340 14
1338559161299324932 3
1338559154668122118 4
1338559143850864640 22
1338559137584730118 11
1338559136620027904 23
1338559130919956480 2
1338559109222838273 8
1338559093875806212 17
1338559093313859584 23
1338559091833237511 11
1338559087546687488 15
1338559085877157889 21
1338559081397841923 9
1338559079594270724 6
1338559062208696320 5
1338559056429133828 6
1338559053543444484 11
1338559043120615427 11
1338559039383494661 13
1338559038532018176 20
1338559034392277001 9
1338559033578582016 9
1338559029468147714 4
1338559012816769027 22
1338559010916753408 7
1338559009557782533 19
1338559006969913347 8
1338558990939197440 2
1338558974564716544 12
1338558973801279491 15
1338558970705883139 12
1338558969250451457 16
1338558966515822596 5
1338558962405404674 12
1338558959343398913 15
1338558954050220032 21
1338558950921342977 15
1338558937071837186 9
1338558930977509381 11
1338558920554582019 4
1338558918461710339 14
1338558917731815430 13
1338558913554378752 12
1338558908517019652 14
1338558907485212674 8
1338558907053174785 7
1338558899083939840 9
1338558898433912836 16
1338558893467848704 24
1338558893291692036 8
1338558892746293248 6
1338558891496525824 20
1338558887113396224 2
1338558886157160450 24
1338558877521080321 7
1338558860630446080 7
1338558855752638466 5
1338558843756765184 7
1338558833275281410 13
1338558829395648514 11
1338558828053454851 12
1338558827260751879 19
1338558826581094401 3
1338558822017806339 24
1338558819954208770 10
1338558819920703498 25
1338558800262017028 18
1338558778543890433 19
1338558777050664967 9
1338558773045051392 28
1338558771107393547 7
1338558765730295812 13
1338558761720573953 9
1338558758029578252 2
1338558754024005636 4
1338558728077979648 8
1338558718275969025 14
1338558715230781444 13
1338558712957595649 8
1338558700383051776 20
1338558698206195717 10
1338558697728061442 19
1338558689020530689 18
1338558688488022016 14
1338558683589074952 26
1338558682364317699 5
1338558670821617665 12
1338558670133747715 24
1338558670108581890 6
1338558665981358081 11
1338558664773414915 14
1338558662936305665 20
1338558659559829508 6
1338558655373987840 26
1338558651662000129 19
1338558649061568512 7
1338558637027991556 6
1338558619034521601 5
1338558617809805318 22
1338558615356116992 8
1338558610004185099 10
1338558596917964802 7
1338558593638031362 13
1338558592400588801 23
1338558590567714817 14
1338558588906852354 25
1338558587908583425 7
1338558580434358274 16
1338558575254396931 8
1338558568908394496 23
1338558568262369281 9
1338558563275448320 21
1338558561790660609 19
1338558559211163655 5
1338558558720421888 20
1338558542748536832 18
1338558541909647362 3
1338558538285797376 6
1338558521139490818 9
1338558520741015552 5
1338558513312894976 5
1338558513052835842 19
1338558512457191433 6
1338558505700130817 4
1338558503452086274 17
1338558492924317697 24
1338558492492369921 8
1338558482451230721 25
1338558479783653378 12
1338558476629512201 6
1338558475735949315 3
1338558466475094016 19
1338558463581024257 8
1338558454177300480 5
1338558453233692672 5
1338558449408471041 7
1338558449240649729 2
1338558447680360457 2
1338558444215939073 13
1338558442584338441 19
1338558440034230281 8
1338558438448787459 6
1338558429577797636 8
1338558427749113857 5
1338558420102877189 9
1338558414595760131 19
1338558405380857862 9
1338558404156141568 16
1338558402189029376 12
1338558400314142721 10
1338558399773110274 10
1338558395318743047 11
1338558392462434304 27
1338558391367548928 22
1338558387131473922 10
1338558385130758150 10
1338558384929464322 7
1338558384098988041 3
1338558380470915073 15
1338558379648831491 6
1338558377492840450 4
1338558375056068613 5
1338558374930104320 11
1338558373978050562 8
1338558371033706497 16
1338558369255272451 19
1338558361764311041 21
1338558357528047629 14
1338558350657720322 5
1338558350360010752 2
1338558333393965059 16
1338558328629325826 7
1338558325282095104 6
1338558320320393217 10
1338558318395203587 19
1338558318265167877 2
1338558317849927681 12
1338558311327789057 11
1338558307129319427 12
1338558300267417605 24
1338558296748331010 10
1338558293761994752 14
1338558293397151744 10
1338558283028828163 7
1338558279958585347 7
1338558278457028608 21
1338558265056141312 8
1338558262514487300 8
1338558257544253444 3
1338558257498042372 28
1338558255442907140 6
1338558245284278275 7
1338558240431419394 14
1338558235800952837 4
1338558228536373249 6
1338558227978612736 12
1338558227819225088 20
1338558225738833921 8
1338558222526017536 7
1338558220298825730 12
1338558219774533632 18
1338558216326803456 7
1338558215181627392 8
1338558214670077953 20
1338558210920288258 3
1338558202577817602 22
1338558196919787520 18
1338558194935865346 10
1338558191345479680 7
1338558190821269505 27
1338558186949767168 7
1338558176980054018 6
1338558167660318722 19
1338558167010209797 7
1338558160911683584 11
1338558157153505280 4
1338558150845337606 15
1338558142926483462 9
1338558140552507400 15
1338558137511636993 11
1338558132826632195 13
1338558131455062018 14
1338558130968465408 21
1338558130377134081 12
1338558122479280130 19
1338558119002198018 12
1338558118284898309 16
1338558113457299456 13
1338558113050472448 6
1338558109946613765 11
1338558104968056834 9
1338558096717848577 22
1338558094700388354 24
1338558082788503555 13
1338558078824878089 12
1338558077755330560 6
1338558075872153604 6
1338558075691741185 6
1338558074848677888 9
1338558074169266176 11
1338558073787609092 22
1338558070071418882 15
1338558068733435909 9
1338558066434985986 25
1338558055638855683 6
1338558050949419008 10
1338558046218448897 15
1338558041491435524 6
1338558035762028547 9
1338558027910184962 18
1338558026815594499 5
1338558025850789888 11
1338558023741018112 16
1338558013813223431 25
1338558010508025856 9
1338558008566165514 7
1338558005584007169 25
1338558004795482112 9
1338557991293882368 18
1338557990010560512 21
1338557989133889543 8
1338557988467060740 16
1338557987410092032 7
1338557982611795973 10
1338557980913135623 15
1338557965498978307 19
1338557963720486912 7
1338557957643132932 24
1338557956619694081 10
1338557954606424064 4
1338557954119897089 20
1338557953339744256 8
1338557949690728448 16
1338557948524683270 10
1338557940572286978 25
1338557938919600128 3
1338557921748258818 10
1338557905524699143 9
1338557905075892224 13
1338557904090263555 10
1338557899115786242 13
1338557895470948357 5
1338557878089773061 2
1338557877754220547 13
1338557875141144576 8
1338557871592787969 9
1338557859697741826 6
1338557857877417990 10
1338557852693258241 2
1338557851837624321 9
1338557845617438721 6
1338557841179881475 17
1338557840038965249 3
1338557839481004032 21
1338557835630743554 6
1338557833550340096 25
1338557825371557889 4
1338557824989876224 16
1338557824264249355 7
1338557818736087042 10
1338557817028890624 15
1338557811333148675 5
1338557809298972677 6
1338557806669164549 4
1338557806337806343 10
1338557802017660928 4
1338557801321410560 10
1338557793138339841 20
1338557790739189764 14
1338557786037350406 14
1338557785466920965 18
1338557783822766082 22
1338557778810576899 8
1338557763430076418 17
1338557754592604160 21
1338557751702794240 4
1338557747986636801 9
1338557744924778497 20
1338557741854429184 16
1338557734556487681 6
1338557734237704193 15
1338557734128656386 14
1338557716969771009 4
1338557714771927047 3
1338557713169739778 19
1338557710653140992 8
1338557705523486721 18
1338557702809784331 19
1338557698388987906 7
1338557697415933954 17
1338557693800353795 4
1338557675286695936 8
1338557675265789952 25
1338557654294294528 25
1338557647130341377 2
1338557635201802242 7
1338557634589372419 20
1338557634350379009 3
1338557634161618945 11
1338557631628193795 23
1338557631380787209 15
1338557630277672966 19
1338557628071424000 3
1338557626800549899 14
1338557623499714563 20
1338557619120734208 6
1338557619032576001 9
1338557618995027974 10
1338557597230784512 6
1338557595074883584 9
1338557589072846848 16
1338557587541938178 9
1338557576796057601 19
1338557575244214272 6
1338557572551479305 23
1338557569858555904 24
1338557569401544704 9
1338557569305079812 8
1338557568491380737 7
1338557558366367750 9
1338557558131331072 8
1338557558081073155 11
1338557545275854849 7
1338557544348995586 8
1338557544034426883 7
1338557541349994497 24
1338557537856204806 9
1338557536161685509 17
1338557511906029569 10
1338557496567488514 5
1338557494805880832 7
1338557491588726784 6
1338557487843250182 21
1338557475830833152 3
1338557470055272451 13
1338557465567367172 12
1338557465340862467 8
1338557460295069696 8
1338557454121119746 20
1338557449071169536 8
1338557448500686849 10
1338557446080630790 23
1338557444977520641 8
1338557443278852099 15
1338557441840123906 2
1338557438929346564 16
1338557437708734465 15
1338557437222248448 22
