1338601256504467456 5
1338601252909953026 7
1338601247453171712 14
1338601240155074560 9
1338601238301188100 21
1338601217631662082 21
1338601217329598466 7
1338601216771821571 23
1338601211730202624 4
1338601197859647492 17
1338601184781869059 22
1338601177743843331 11
1338601175780880384 26
1338601174279344129 7
1338601173742477315 8
1338601173100548096 8
1338601171343175681 8
1338601165995429890 6
1338601165135736839 10
1338601164900851712 8
1338601164582113286 8
1338601157506330624 6
1338601155987787777 21
1338601154591272960 6
1338601150417948673 13
1338601132617248768 5
1338601132008984576 8
1338601130683719683 17
1338601127978393601 6
1338601118037905414 13
1338601112920875012 8
1338601110588755969 20
1338601104083390467 5
1338601091727036418 18
1338601091651555333 12
1338601089134964736 7
1338601082273079301 21
1338601079899033606 10
1338601073167241227 8
1338601072982700034 16
1338601064254369799 6
1338601062073241603 5
1338601061628698637 9
1338601051549798400 15
1338601048047546369 11
1338601036827779073 13
1338601033526722560 11
1338601029072515075 3
1338601025805160456 12
1338601019824107525 15
1338601011196334081 19
1338601008881135620 6
1338600982146650113 4
1338600981685104642 20
1338600981538484224 14
1338600974647250948 8
1338600968238329856 10
1338600968057925636 15
1338600952396439555 10
1338600948814503938 6
1338600947942043650 13
1338600945157091337 20
1338600935493406721 15
1338600928065236998 9
1338600914094002179 17
1338600912848375808 7
1338600911170580481 4
1338600907622281218 9
1338600905336365057 23
1338600904744980481 16
1338600904660905984 15
1338600904623316992 12
1338600904551923712 4
1338600904493305857 9
1338600904262643712 13
1338600904186949633 13
1338600904115834883 10
1338600900919783427 15
1338600882137534465 3
1338600881596534787 7
1338600881193889792 13
1338600880195694593 18
1338600875498070023 16
1338600873602256897 18
1338600873048633347 7
1338600863040905217 6
1338600862772580352 11
1338600847505195009 21
1338600837757759491 5
1338600834234462215 15
1338600832271605762 9
1338600831864741896 19
1338600830619017219 16
1338600801825124361 5
1338600795219046405 5
1338600789003087873 5
1338600778399793152 21
1338600769684185089 7
1338600767511539718 14
1338600765410189312 8
1338600760888733696 11
1338600759357804546 19
1338600758044995585 25
1338600755662614528 7
1338600753611595781 18
1338600751422185473 21
1338600749857705985 12
1338600742698016771 35
1338600739938111488 22
1338600737652285443 6
1338600737119608837 22
1338600734888243201 4
1338600734804291590 14
1338600727237844992 8
1338600726449311747 19
1338600723379073026 6
1338600713962721280 21
1338600703057678338 26
1338600698838208514 3
1338600695474348036 9
1338600695017173000 21
1338600686645342214 6
1338600685533741056 9
1338600682979545088 8
1338600681591156738 5
1338600675106811904 16
1338600672967745538 19
1338600671575216128 11
1338600659076177921 17
1338600652549681152 12
1338600652520501253 19
1338600651710980099 79
1338600649928433664 17
1338600628256436229 8
1338600627782492161 15
1338600624636780551 4
1338600608241106945 7
1338600607628705792 11
1338600607578550278 6
1338600597952532480 21
1338600596996313089 8
1338600594110558211 19
1338600568428912640 6
1338600564381405184 18
1338600558492577798 5
1338600557330784266 8
1338600552461201409 8
1338600542294052866 4
1338600540591230976 14
1338600530382376967 5
1338600524967530496 24
1338600520869670913 11
1338600518948585474 13
1338600518449582080 21
1338600515559542789 12
1338600511839285248 19
1338600508479639567 11
1338600504205606913 17
1338600502653644802 21
1338600482852405250 9
1338600479664861194 19
1338600472714727426 22
1338600471968309250 21
1338600468050743318 7
1338600467962720258 6
1338600463126700032 8
1338600433380626433 20
1338600430780166146 14
1338600426246168578 8
1338600414464315395 6
1338600413248049152 22
1338600408240054274 8
1338600406365188099 5
1338600406298091524 9
1338600399314558976 9
1338600399024975875 10
1338600390649131019 15
1338600389852213252 10
1338600389390766082 21
1338600385238405121 9
1338600371510505476 11
1338600364199833603 5
1338600362085740549 22
1338600358646525954 20
1338600351503699971 9
1338600341303123969 8
1338600334675988480 14
1338600333099012096 3
1338600332616613888 23
1338600329747828738 6
1338600325146685447 14
1338600313029353484 7
1338600310139355137 14
1338600294708637703 3
1338600277277089793 13
1338600275326582784 10
1338600270905962499 18
1338600257244995584 10
1338600256750059520 21
1338600253650505728 11
1338600244817371144 21
1338600242091077632 9
1338600232616079364 12
1338600229298384900 16
1338600227557687296 15
1338600224521064450 11
1338600210159853571 21
1338600208289107975 7
1338600203587293187 11
1338600195739803654 19
1338600193898520578 10
1338600187678380032 16
1338600184356409348 13
1338600180640256001 22
1338600165934952448 6
1338600164580356102 18
1338600163347210240 11
1338600157596749825 6
1338600148746833929 10
1338600144309248008 15
1338600135132114953 16
1338600115846705152 25
1338600113292251137 7
1338600108330528769 21
1338600103913861124 12
1338600103276404736 29
1338600100126478336 12
1338600099409096704 15
1338600099379875842 23
1338600092119556098 8
1338600081155616768 26
1338600075082178560 1
1338600073534599174 7
1338600067658362880 8
1338600063807926272 8
1338600061220089863 14
1338600060909617153 9
1338600057390632960 11
1338600034997309442 16
1338600032828870657 5
1338600030748495872 15
1338600029146243073 17
1338600015938392064 13
1338599996351016962 5
1338599992165019659 9
1338599988948045834 6
1338599982413254661 3
1338599975966691330 17
1338599972900630528 22
1338599966495961088 3
1338599962851078145 11
1338599959734718464 15
1338599955808854019 5
1338599948061913089 7
1338599932723404802 5
1338599931645456388 12
1338599926830346240 15
1338599921864364032 9
1338599918714425345 8
1338599916747304971 24
1338599908367069184 21
1338599908123635712 14
1338599902457290758 11
1338599894827798534 5
1338599880076521473 8
1338599878025424900 21
1338599868642816001 1
1338599864926605315 11
1338599856684863488 12
1338599854067466242 22
1338599834039644160 13
1338599828075532294 3
1338599826364174348 7
1338599820743880704 5
1338599815773564929 13
1338599807062073350 6
1338599800065953801 17
1338599796978880518 14
1338599796349743107 7
1338599778729549826 16
1338599777655787525 20
1338599774996533263 21
1338599773000101891 13
1338599768818331656 18
1338599766628904960 7
1338599750355087360 4
1338599749864353792 5
1338599749172273153 12
1338599748014645254 3
1338599747310002176 5
1338599746588459008 15
1338599743954542598 11
1338599742675300357 4
1338599734714494977 22
1338599733733023745 15
1338599731203891201 21
1338599728154599424 13
1338599727869333506 17
1338599722890764288 7
1338599722257440768 4
1338599722190319621 21
1338599721456242691 16
1338599717949812737 6
1338599711553560577 18
1338599701604667392 15
1338599700337987586 14
1338599695598252034 11
1338599694654705664 17
1338599694319165444 19
1338599685754384387 19
1338599684336709633 22
1338599680104685570 5
1338599676812124161 19
1338599670197735433 5
1338599669618905089 7
1338599664795475968 10
1338599662375276548 6
1338599661364449290 7
1338599660420816896 5
1338599656817905666 12
1338599654959665152 10
1338599654582312962 3
1338599646172753924 8
1338599646000640001 11
1338599645996408832 21
1338599645908353026 18
1338599645908328448 16
1338599645870583810 16
1338599645849608192 11
1338599645841276928 7
1338599645828632576 18
1338599625679364102 10
1338599603621437440 10
1338599603583770624 8
1338599602363248640 12
1338599599993278464 11
1338599595350355968 24
1338599594196938752 7
1338599586257100802 6
1338599580821315584 7
1338599569446359048 37
1338599566002806788 25
1338599562500517888 14
1338599559212240898 13
1338599558327230472 7
1338599544267943939 19
1338599534042091522 8
1338599531106201606 10
1338599530166513665 20
1338599528954556422 8
1338599525980794881 21
1338599521220255747 7
1338599519383121924 23
1338599501435719683 6
1338599493978218497 18
1338599493667704832 21
1338599491792932864 11
1338599490283053058 5
1338599477658210305 17
1338599462722220033 5
1338599452760748034 25
1338599449229189121 18
1338599449174675456 9
1338599448264417281 23
1338599444682579969 16
1338599443583610883 7
1338599434515406848 21
1338599432514908171 8
1338599429780205569 17
1338599407198081024 9
1338599397999915021 14
1338599394212368384 5
1338599391100358656 7
1338599380627181571 12
1338599374696361985 9
1338599372108521476 19
1338599366916005890 13
1338599364458065920 6
1338599362969149442 17
1338599362407100423 10
1338599361035587584 19
1338599355926913028 9
1338599349647970305 21
1338599339590119427 11
1338599333755838464 16
1338599319490990082 11
1338599315799994376 17
1338599310900908032 7
1338599308090720256 17
1338599298234277889 25
1338599286024654850 15
1338599285403824129 28
1338599283012947969 10
1338599279259246593 11
1338599265006972930 23
1338599263803232258 3
1338599261114654721 5
1338599260737048576 8
1338599254831542275 6
1338599253682380807 8
1338599247483179011 5
1338599245977423873 14
1338599239207821312 22
1338599239052632064 23
1338599237408313347 15
1338599236460490760 13
1338599234317279233 17
1338599233906159616 16
1338599233205788676 11
1338599224452190211 7
1338599223948845056 19
1338599214901829632 20
1338599213500952576 21
1338599212758405122 13
1338599202364985345 30
1338599196920852480 7
1338599188993552385 20
1338599180277866499 18
1338599173071974406 18
1338599171964678148 19
1338599163865550849 16
1338599161462190081 24
1338599157771235328 25
1338599157439848452 7
1338599156370329601 19
1338599139433721859 7
1338599135017132032 9
1338599126787874816 9
1338599125340872706 4
1338599118432833541 12
1338599113198362634 7
1338599113160593408 2
1338599108865650691 8
1338599102490292224 12
1338599100640448512 8
1338599092000350209 21
1338599083959840769 9
1338599077202817024 11
1338599076724674562 3
1338599073486680064 10
1338599071074889728 10
1338599069846007808 21
1338599062472417281 14
1338599061226655744 7
1338599060576546816 13
1338599060492726273 7
1338599054020775936 10
1338599045074399238 3
1338599042343981056 9
1338599026657267715 7
1338599019099156482 15
1338599018440650753 9
1338598998744166404 7
1338598998593183744 11
1338598998274428929 11
1338598991827771393 7
1338598990154182664 12
1338598984579997705 7
1338598979525861389 11
1338598963818221568 18
1338598956461416448 9
1338598951180709890 15
1338598950430011396 9
1338598948701868040 5
1338598944188850176 8
1338598943953985543 9
1338598942544687106 5
1338598930486063107 25
1338598925499047936 10
1338598925268357122 26
1338598905731293187 8
1338598903499853837 13
1338598901251715075 24
1338598899423043588 17
1338598897967575040 9
1338598896214433796 12
1338598890958848000 9
1338598890543706114 6
1338598890346590209 8
1338598888819847173 5
1338598887280562182 16
1338598883761459201 22
1338598881521754114 10
1338598879470686210 2
1338598878829043718 15
1338598872331980808 5
1338598872311062531 5
1338598867722522624 7
1338598867324047360 7
1338598860663484420 7
1338598857039618050 12
1338598855659687941 21
1338598836357500931 6
1338598830619709444 9
1338598826924511233 8
1338598818993070082 20
1338598817965420547 24
1338598813997658112 9
1338598810256367616 12
1338598807584567296 7
1338598803629228035 10
1338598803432230916 5
1338598798629728260 7
1338598796981366784 7
1338598795538468868 9
1338598794519326723 9
1338598779818299393 5
1338598779537256448 5
1338598776735490050 35
1338598773497466886 2
1338598764072689664 14
1338598760511922177 19
1338598754987991042 5
1338598752458780672 5
1338598743625654282 13
1338598740773449728 18
1338598732452028421 17
1338598731709616128 8
1338598730283544576 16
1338598722209505282 8
1338598707105845252 6
1338598702294822913 3
1338598698880651266 5
1338598695198142478 7
1338598691435925506 4
1338598688122400769 8
1338598686994132999 15
1338598677028499457 4
1338598671949107204 6
1338598653750079488 18
1338598652772749314 8
1338598651296419842 9
1338598640445759489 9
1338598639329931266 12
1338598621797879814 18
1338598611811258376 8
1338598604609613826 8
1338598599224123396 7
1338598595793199104 17
1338598590281895938 18
1338598589879218176 4
1338598589229129733 5
1338598578659487744 23
1338598560888016896 5
1338598548699557888 12
1338598548271751176 5
1338598537790185474 9
1338598531393855488 8
1338598525949661185 3
1338598522451464192 7
1338598520278949895 8
1338598510980161538 27
1338598507284934658 19
1338598501131952129 16
1338598494391689216 6
1338598492420366341 5
1338598489530331136 16
1338598486686699523 2
1338598485256441858 7
1338598479086686208 7
1338598472996405248 10
1338598463144140804 5
1338598462473035777 6
1338598461701296128 22
1338598450921869314 2
1338598450196324359 19
1338598449881755650 5
1338598447289659393 6
1338598437869084674 21
1338598434308145154 5
1338598423528939520 23
1338598421180125184 4
1338598414880301056 5
1338598414372761600 9
1338598414146301952 13
1338598411893805056 6
1338598403878555652 21
1338598401697599492 17
1338598400636358657 22
1338598391434125314 12
1338598388368089090 4
1338598387856367629 8
1338598387839471616 11
1338598386832830465 9
1338598382470881285 8
1338598380843446272 7
1338598378037534722 8
1338598374505914368 12
1338598372857483264 6
1338598371192352771 19
1338598368449351680 8
1338598368348606466 7
1338598363269394432 8
1338598362770190340 23
1338598352997507078 7
1338598350841647104 20
1338598333741457409 7
1338598331854041091 11
1338598328888676352 2
1338598325105422342 9
1338598324153298951 7
1338598322337181703 7
1338598321598980098 17
1338598317564047362 4
1338598316934901762 6
1338598290628206594 10
1338598286748430336 10
1338598286232576004 23
1338598286144516099 6
1338598286123544577 14
1338598284680683523 19
1338598283615342593 22
1338598281417547782 6
1338598255333171200 18
1338598250350333952 12
1338598247900864512 7
1338598245468008448 12
1338598240892153861 12
1338598239617085447 8
1338598238249693190 14
1338598235816878080 28
1338598234399313920 14
1338598230372851713 4
1338598221719998466 21
1338598210739179522 18
1338598208449155075 22
1338598203135062021 15
1338598197871190020 8
1338598196801638400 6
1338598192158568450 5
1338598191768498177 21
1338598183732203523 7
1338598173238042626 21
1338598169270218756 11
1338598160990552065 15
1338598152488804357 18
1338598148470697986 8
1338598146981683203 7
1338598146042019841 12
1338598143315898379 8
1338598143290642443 18
1338598136453935106 20
1338598136055402496 11
1338598134986006532 14
1338598129667551234 9
1338598115469897732 10
1338598107886587904 12
1338598096566169605 3
1338598094812930051 2
1338598093307203588 5
1338598092237647873 23
1338598085241540608 13
1338598085161852949 17
1338598081059807237 8
1338598067919089667 8
1338598059018776578 19
1338598058351845378 15
1338598054727921664 5
1338598047715000323 18
1338598046096035844 7
1338598040240844800 9
1338598039129362434 14
1338598034263990272 2
1338598022817722375 21
1338598022083727364 12
1338598019202244618 22
1338598018766032896 9
1338598007835512832 7
1338598004195020803 5
1338597988214706177 9
1338597987057078275 5
1338597980643975169 7
1338597974121779200 8
1338597969503936513 7
1338597967159324674 26
1338597960045776900 13
1338597956233138176 10
1338597952655339520 21
1338597945428619264 4
1338597944614920195 6
1338597943390195715 20
1338597941133664256 14
1338597940554854401 17
1338597936024989699 20
1338597930979086336 10
1338597927527342081 4
1338597925304274944 6
1338597923068768258 9
1338597908648587264 8
1338597905582743553 12
1338597902969671681 8
1338597895856140296 13
1338597890353209344 13
1338597884644745217 8
1338597884611211270 7
1338597867519418374 21
1338597862272282625 22
1338597860414083072 4
1338597855553081347 3
1338597854286389248 13
1338597853271355393 9
1338597852726120449 7
1338597851379740683 16
1338597844027117569 16
1338597843209228290 4
1338597841263091712 6
1338597839753125898 12
1338597838473793536 2
1338597833721712645 17
1338597830047510530 7
1338597810665558017 9
1338597800100106240 12
1338597797432594439 14
1338597791518633986 12
1338597791245856768 18
1338597783608172553 9
1338597767787245569 8
1338597763148374018 17
1338597757083394058 19
1338597756097576961 7
1338597754990419975 11
1338597749885906952 6
1338597747793006594 5
1338597742575280129 16
1338597739807055878 29
1338597735981867008 9
1338597719653363716 20
1338597716671279104 14
1338597703404695554 7
1338597699738869760 11
1338597699386478592 18
1338597693053145090 11
1338597692696621064 16
1338597684895244290 14
1338597677144154116 7
1338597676418551808 3
1338597673377669129 7
1338597650896130055 6
1338597647146340353 21
1338597646932570112 17
1338597645485543427 20
1338597643673612294 19
1338597641513558017 15
1338597634626433027 4
1338597632781017088 18
1338597632713715713 14
1338597629719052288 10
1338597624228802565 17
1338597623964585987 16
1338597622387519488 19
1338597621464707073 22
1338597621125042178 8
1338597619552169984 26
1338597610194575361 8
1338597605698383873 19
1338597602963677191 16
1338597598874251268 8
1338597589156040704 22
1338597588870844416 13
1338597587746762752 19
1338597584827535368 7
1338597582243762177 9
1338597566641016834 19
1338597551369543683 9
1338597537771622402 19
1338597531870179338 12
1338597529642881025 7
1338597527671562243 19
1338597527357014016 3
1338597525494915075 14
1338597525482311688 14
1338597521766146048 13
1338597516946722816 7
1338597516401668097 7
1338597515420028928 9
1338597515353055232 15
1338597502434598923 8
1338597501981646849 20
1338597501423808518 17
1338597500702298112 9
1338597494331240449 16
1338597492879921160 15
1338597477390356483 14
1338597476358647809 9
1338597476195061760 11
1338597475075100676 18
1338597471044456449 13
1338597467433078786 17
1338597464694255620 7
1338597451226353669 10
1338597434310733824 9
1338597412802269184 7
1338597399758065667 34
1338597393294630915 15
1338597390547177472 12
1338597389104521217 7
1338597385191231489 20
1338597383983214599 21
1338597381978402816 9
1338597376790048776 28
1338597374831120385 20
1338597372767637504 8
1338597371190579207 17
1338597365784178689 9
1338597363645108224 9
1338597361703116805 24
1338597350881816576 1
1338597347840897029 5
1338597344967790594 16
1338597342883229700 10
1338597335920742404 6
1338597332804378626 17
1338597331659198466 6
1338597330698825734 21
1338597328446480386 8
1338597308146069505 12
1338597308070588423 20
1338597283194155010 18
1338597275807997953 6
1338597268706955265 17
1338597264848203779 8
1338597261476057089 17
1338597247743893504 3
1338597247538393090 5
1338597243285331972 6
1338597226961047554 13
1338597223081390082 18
1338597221894410240 7
1338597219780489218 10
1338597217335193600 13
1338597216928280578 13
1338597213556121604 3
1338597213442813953 6
1338597211182157828 23
1338597208145485838 10
1338597207092699136 11
1338597205406584832 14
1338597199194828800 5
1338597195055046659 17
1338597188713259008 19
1338597181733957635 6
1338597181696200706 17
1338597179112509442 20
1338597175471779845 15
1338597175467642880 20
1338597175408947202 9
1338597163346046981 14
1338597161534181384 19
1338597161278316548 18
1338597157260185603 2
1338597153808261123 8
1338597152319266817 22
1338597147432906757 14
1338597141661495297 8
1338597140092891136 9
1338597138633289730 8
1338597131595046912 9
1338597131414884355 19
1338597131389554688 9
1338597131276476416 21
1338597131217727496 17
1338597131196633088 14
1338597130965938176 15
1338597130953400321 7
1338597130793992193 21
1338597130793971712 24
1338597130789740544 12
1338597130710241281 20
1338597130710130688 7
1338597130366115842 11
1338597130240466947 9
1338597129938341889 12
1338597129904861187 21
1338597129623728128 7
1338597129619566592 13
1338597129510477825 13
1338597129309151233 15
1338597129271484417 18
1338597127044411397 5
1338597123001094144 9
1338597122808061952 6
1338597122313170944 21
1338597105552814084 18
1338597102709051392 8
1338597102323118082 18
1338597100301455362 13
1338597097856249858 20
1338597093309616130 23
1338597088569987080 6
1338597074477125633 17
1338597071776002050 15
1338597070249267207 11
1338597067560808451 8
1338597066235318277 6
1338597062502440963 2
1338597060409511936 11
1338597058496884745 5
1338597057205055488 6
1338597057133613056 11
1338597055695114245 6
1338597028801236998 4
1338597026896994308 13
1338597024623693825 11
1338597020379058186 7
1338597014058266627 4
1338597013047349253 23
1338597012057419776 5
1338597005690613760 7
1338597001378795520 19
1338596999457812490 7
1338596997910196226 23
1338596997603979267 5
1338596996815458309 8
1338596995972337664 23
1338596989492146176 17
1338596989387251712 2
1338596983246901250 9
1338596982005305346 20
1338596981049069571 14
1338596977387429896 9
1338596971985178624 6
1338596970198347781 8
1338596961943949313 8
1338596959460892676 22
1338596956453675008 11
1338596936006443010 15
1338596935494742017 5
1338596934332928002 11
1338596931866648577 15
1338596928045498368 12
1338596924488867840 16
1338596921275985921 18
1338596917748633611 5
1338596900266643456 16
1338596897372696581 20
1338596895963361283 18
1338596894759587840 26
1338596891920130059 16
1338596890535837697 7
1338596889642536963 15
1338596887025364996 9
1338596885439852544 28
1338596879307853824 7
1338596866833858561 5
1338596857459728384 21
1338596857187094532 21
1338596843639418887 12
1338596835888406528 6
1338596832054812681 6
1338596831236853761 16
1338596830406389761 19
1338596818817576961 13
1338596817039224838 18
1338596813180465155 25
1338596810156367874 9
1338596798353600513 8
1338596780422930432 6
1338596780309622798 23
1338596768955703296 14
1338596747023699969 12
1338596744955912192 15
1338596744209321986 14
1338596734801424386 26
1338596725699776518 8
1338596723715923968 22
1338596720188551182 9
1338596717311221761 14
1338596714048057344 9
1338596711485362183 15
1338596695601508352 15
1338596693080760320 5
1338596687774932997 49
1338596684608188417 7
1338596682565562372 5
1338596672746696706 15
1338596672662855683 8
1338596661485068288 6
1338596659832508417 10
1338596653520072705 15
1338596652811247626 5
1338596652488290306 7
1338596651481640967 10
1338596648784592896 7
1338596643994787841 8
1338596638605119495 15
1338596638206521344 26
1338596637392789505 19
1338596635773833217 9
1338596627645390849 16
1338596617671290882 9
1338596597958127620 13
1338596594636111873 14
1338596574973333505 14
1338596556375777284 17
1338596556166008835 17
1338596553334853639 18
1338596548746358790 5
1338596545512562688 19
1338596542048063494 13
1338596538231111680 13
