1338583089988186114 7
1338583077950525443 6
1338583075513655297 19
1338583068861485057 18
1338583058161815555 11
1338583056689614851 9
1338583054709903362 17
1338583048879808519 18
1338583047625711618 12
1338583045427908608 9
1338583042496073732 10
1338583036947009536 2
1338583036699553792 9
1338583036556955648 19
1338583036435292161 9
1338583032622690307 17
1338583031288836098 23
1338583019725201412 11
1338583015572770817 4
1338583012188053507 16
1338583011009425412 10
1338583010199867403 4
1338583005984677889 9
1338583005082734593 18
1338583004579586049 7
1338583000372703234 9
1338582988288786437 8
1338582970328813570 16
1338582970064637957 4
1338582968214974465 9
1338582964679159808 7
1338582942495412225 10
1338582942239633412 20
1338582932731138050 32
1338582925403693064 16
1338582919187673089 25
1338582914574020609 9
1338582912309014530 23
1338582909956001795 22
1338582907892494345 8
1338582901491961861 21
1338582901366141059 6
1338582900363714571 19
1338582899327635458 3
1338582898996178944 10
1338582891945725962 15
1338582882533699584 16
1338582880214245384 11
1338582877487980544 19
1338582876602986496 23
1338582874732318728 16
1338582873914413058 12
1338582873851506697 7
1338582873117319168 3
1338582870923898883 16
1338582869480976386 9
1338582862191337474 9
1338582861360869379 10
1338582858332581890 23
1338582855123783680 14
1338582845393145857 13
1338582843312787463 14
1338582834693464064 10
1338582826610921472 6
1338582823033315339 19
1338582807216533505 10
1338582800644124676 7
1338582800224673792 7
1338582791865372675 15
1338582784936468481 13
1338582782516359169 8
1338582782361079808 5
1338582782189027333 5
1338582778519166983 4
1338582776229081088 26
1338582768964526084 7
1338582766053715968 22
1338582757639909376 3
1338582757245669379 19
1338582752975794179 7
1338582749947588609 17
1338582748886392832 14
1338582747267252225 22
1338582742066483209 13
1338582738702635009 10
1338582734025973762 22
1338582732654383108 5
1338582731626778626 6
1338582721661177856 15
1338582713998192642 12
1338582710915358728 6
1338582710902804480 11
1338582703491461124 22
1338582703256571905 23
1338582698273759233 13
1338582698147897344 9
1338582697074192386 16
1338582696902209539 8
1338582694540705793 9
1338582691516731394 6
1338582661670035456 20
1338582653486960670 16
1338582652081872898 17
1338582649733001218 11
1338582639708532737 17
1338582631911460873 18
1338582621127897088 13
1338582617738735617 19
1338582610650537985 16
1338582608968445952 16
1338582607513194498 19
1338582595748163585 19
1338582595563614208 8
1338582588802338816 7
1338582587749634051 12
1338582581458075648 23
1338582579558174722 25
1338582577813315592 3
1338582574940237824 12
1338582572578836482 19
1338582568019648512 31
1338582564592885762 8
1338582558607437825 19
1338582558162948102 21
1338582555516342275 6
1338582553020821510 12
1338582544602832897 9
1338582543482937345 9
1338582540890804224 21
1338582533353558016 14
1338582533231976449 11
1338582530128306180 20
1338582499384025088 2
1338582490932518917 20
1338582490680881152 12
1338582483592499211 7
1338582478597066755 7
1338582472188157953 8
1338582469272997888 26
1338582461673041920 16
1338582429557170176 10
1338582429515345921 13
1338582426759561218 1
1338582423819276289 8
1338582420568879104 10
1338582419587403777 7
1338582409697243147 14
1338582407692292096 11
1338582406966747136 9
1338582405490352129 13
1338582393494630400 13
1338582392060186624 17
1338582387605823489 10
1338582386305536004 15
1338582383772241921 16
1338582383738630145 6
1338582378776825857 13
1338582374699986947 4
1338582373395537920 9
1338582372480999425 8
1338582361739550723 4
1338582356731551747 3
1338582354240167938 15
1338582352440651776 9
1338582345880915972 17
1338582336716165121 23
1338582335466450946 18
1338582332391952386 24
1338582324968120323 12
1338582318244630529 4
1338582317707763713 21
1338582307729498117 6
1338582300733399040 8
1338582300293029901 7
1338582291631714307 11
1338582290407038979 6
1338582286539755521 17
1338582284912439297 17
1338582283910066178 6
1338582283708755970 7
1338582283490570241 32
1338582282618032129 5
1338582281980526592 11
1338582281791926278 6
1338582268420517896 18
1338582263160860673 25
1338582260665229312 6
1338582259864117249 8
1338582259297873922 9
1338582249063714816 18
1338582248409403392 11
1338582247557894144 7
1338582247495118859 7
1338582244320010240 10
1338582240742268929 13
1338582237000986626 24
1338582230420123650 9
1338582225755975691 10
1338582225307258887 3
1338582221876301835 7
1338582214343213057 8
1338582208639082500 22
1338582207716335616 3
1338582203287166983 5
1338582196492382210 6
1338582196022620160 9
1338582192046403598 16
1338582189550743559 11
1338582173104869378 11
1338582172735852551 17
1338582167622885376 13
1338582165735403520 9
1338582156495507462 9
1338582152796106752 21
1338582151730696194 13
1338582142100639747 20
1338582139948986370 24
1338582137822449667 22
1338582137562427395 10
1338582136627015681 13
1338582134731247618 16
1338582130868314114 6
1338582127680557056 11
1338582124685758465 14
1338582122886352897 7
1338582117865779200 4
1338582106537156614 21
1338582106172252163 19
1338582104314089474 10
1338582101579476998 14
1338582092981088258 4
1338582087817981952 19
1338582086748418053 13
1338582082973560836 2
1338582080461139970 10
1338582076895997954 9
1338582074975023111 7
1338582074333278208 10
1338582070357073923 12
1338582067756605440 9
1338582066695434241 10
1338582066418606082 6
1338582064283738114 8
1338582063625060352 12
1338582054863331330 11
1338582043844882432 10
1338582043819708421 19
1338582040783032331 6
1338582037515689991 8
1338582037163356165 15
1338582036899115020 9
1338582033484963840 7
1338582032285306882 17
1338582031920316417 16
1338582031807242243 19
1338582031668629505 18
1338582031643504645 18
1338582031387619328 11
1338582031316393984 16
1338582031094050817 16
1338582030729302023 12
1338582030548811777 8
1338582030502690816 6
1338582030309789699 6
1338582030293098496 7
1338582030079049728 16
1338582029978329089 6
1338582029881942016 14
1338582029835915264 8
1338582029768617984 17
1338582029613608960 4
1338582029558972416 7
1338582025444286465 3
1338582020855918593 4
1338582010563076096 11
1338582001847316480 17
1338582001721466883 12
1338582000744210440 7
1338581999418703872 17
1338581991663386624 22
1338581991168614401 12
1338581990103281664 14
1338581988110905345 9
1338581982490587142 3
1338581980221485061 7
1338581976652132352 13
1338581964849287177 7
1338581962169135104 3
1338581962064343045 24
1338581958188797954 17
1338581957198946309 8
1338581947526877186 9
1338581947245862915 6
1338581943684902912 7
1338581942820884482 8
1338581942153981955 16
1338581940459483142 15
1338581938450427905 8
1338581932741980162 5
1338581931928276995 24
1338581931341058051 21
1338581930921619460 8
1338581926802812930 12
1338581914282827777 6
1338581908335317000 19
1338581907160899585 22
1338581904564502529 11
1338581903457341443 11
1338581900915568642 13
1338581887233773570 14
1338581884117389312 11
1338581880355090436 18
1338581877863706629 7
1338581875372273667 7
1338581855461928960 5
1338581849451487246 4
1338581846708289536 4
1338581846645411842 15
1338581840240709632 15
1338581834066776064 20
1338581833265647626 21
1338581831864692737 14
1338581821265678339 6
1338581820045193216 7
1338581818661068805 17
1338581817692213255 10
1338581812159909889 8
1338581797454622727 18
1338581796078952453 9
1338581786155216896 23
1338581778219606017 14
1338581778169167872 6
1338581777540149249 20
1338581775975591944 8
1338581774692208642 13
1338581772108509187 22
1338581764646768640 4
1338581763283701761 11
1338581761673007108 9
1338581753888468993 8
1338581753099935744 9
1338581746288218112 18
1338581745575342087 15
1338581739535540224 11
1338581739283881987 5
1338581738017132544 13
1338581735458689024 17
1338581713564405764 7
1338581707335884807 8
1338581705477791747 4
1338581699924520962 9
1338581695830880263 21
1338581690437013504 6
1338581681192710146 26
1338581675341737985 6
1338581673852739590 20
1338581669062856705 15
1338581656232488960 5
1338581648309358593 20
1338581636145958915 7
1338581630932357123 6
1338581628650663937 8
1338581625643409409 8
1338581623567233025 4
1338581621407150085 19
1338581613614084097 13
1338581608270598147 16
1338581599512915973 4
1338581598694907904 7
1338581597973573634 9
1338581596908244992 13
1338581593867292683 4
1338581583104761857 8
1338581579313111061 20
1338581566289829888 5
1338581565392228354 17
1338581562749841410 8
1338581562183602177 19
1338581560266813442 13
1338581556592582657 11
1338581548631793665 8
1338581545876119553 19
1338581540192841728 18
1338581538661797888 18
1338581534866026497 4
1338581523965104128 7
1338581523101048832 17
1338581522455130112 14
1338581498530852865 6
1338581498195288064 6
1338581490398093315 3
1338581456088674307 6
1338581455929307136 11
1338581451172945922 16
1338581449272938496 8
1338581447305801728 16
1338581436908101632 8
1338581431879131137 18
1338581429819756544 7
1338581425793224708 23
1338581423297613831 7
1338581415332622336 6
1338581410311892992 6
1338581406142918656 10
1338581403613736960 13
1338581398878294018 5
1338581396009398274 8
1338581393673216005 10
1338581391928332288 3
1338581384831483904 21
1338581384370204672 6
1338581379232231425 5
1338581375063121920 6
1338581371208552452 6
1338581365294501891 25
1338581364120178695 6
1338581363331620866 20
1338581362543112193 13
1338581351214297090 10
1338581349926662151 5
1338581347120582658 9
1338581345736462336 5
1338581345296125954 20
1338581344561991680 12
1338581342985089031 27
1338581323930165249 22
1338581319417257984 6
1338581316997025792 11
1338581314870661120 12
1338581303592095748 2
1338581303030149122 6
1338581302400978944 6
1338581300740042752 3
1338581297137131523 8
1338581289465745408 5
1338581284457746435 19
1338581274852810756 7
1338581272436858884 19
1338581249796005889 28
1338581243345178627 6
1338581234721689601 6
1338581233266253833 15
1338581231538065408 20
1338581226534424576 8
1338581222432378882 21
1338581213389484032 8
1338581210134683648 23
1338581204925345793 21
1338581204690493440 11
1338581198327705600 7
1338581198260604933 7
1338581198147375107 10
1338581195337109511 21
1338581193479122959 15
1338581190371106817 14
1338581188471107584 18
1338581173795237888 4
1338581165867995137 10
1338581157106028544 11
1338581150437093377 6
1338581147165597698 7
1338581143562686465 8
1338581142560272385 19
1338581140194664449 16
1338581137996865539 6
1338581130958807040 22
1338581124029816834 17
1338581111329480704 13
1338581106862534660 6
1338581102307532809 13
1338581099748892672 10
1338581098893336579 19
1338581095474982913 20
1338581091989516294 10
1338581084116836352 21
1338581083437338626 16
1338581078580342784 12
1338581077481418762 8
1338581071546507264 7
1338581062495166466 20
1338581053590675458 8
1338581048934891520 21
1338581045810229248 7
1338581043587280898 11
1338581035597107201 20
1338581028919762948 12
1338581026927501312 20
1338581025820192768 7
1338581019637784580 5
1338581019054780417 11
1338580998481653764 10
1338580997617688583 16
1338580990030204930 9
1338580986142056452 16
1338580982782451713 6
1338580979573796867 9
1338580969951952898 7
1338580968123363328 11
1338580966735011840 16
1338580964394602497 9
1338580962288930817 8
1338580958593871873 12
1338580953330028546 16
1338580952604418049 23
1338580945054609408 2
1338580941242048513 11
1338580940721799168 16
1338580935873269760 21
1338580925421072391 15
1338580913504972800 6
1338580912892686338 18
1338580910346821637 20
1338580905653309446 6
1338580901702246405 7
1338580890390323206 4
1338580884174196736 9
1338580879367688197 12
1338580863215427589 13
1338580862816829443 12
1338580852045979654 13
1338580848984154112 9
1338580847671250947 17
1338580847004409857 10
1338580833817538562 9
1338580828125794305 3
1338580816285339649 6
1338580815685488640 23
1338580814817337349 10
1338580813122822146 6
1338580808462966784 16
1338580794512642048 12
1338580789974413312 5
1338580787055104000 15
1338580784626757632 21
1338580784127619073 6
1338580784106639363 9
1338580782466486273 7
1338580776623992832 11
1338580773868367872 12
1338580771808800769 22
1338580771666358273 8
1338580771595055107 20
1338580767190892546 20
1338580761524506629 15
1338580757175033863 10
1338580756432527360 5
1338580746882183173 5
1338580743770009601 2
1338580741240844290 9
1338580741098254339 20
1338580740813041678 20
1338580740007735296 9
1338580723213721600 19
1338580721464651777 11
1338580720772653057 4
1338580716070842370 5
1338580715064193024 6
1338580713453596677 15
1338580712358756353 21
1338580702229618688 9
1338580700761624577 33
1338580699453022210 23
1338580693983629312 13
1338580683506257921 16
1338580668041863185 7
1338580667756589061 10
1338580665453793280 7
1338580661251178496 6
1338580656280854531 12
1338580649423343618 8
1338580646923472896 13
1338580644419538944 12
1338580639994548225 5
1338580639927455745 22
1338580637868052486 13
1338580615080398849 18
1338580614010839043 23
1338580611506778119 21
1338580600891052033 22
1338580589029568518 15
1338580587356020738 23
1338580583052681223 5
1338580579189743616 2
1338580576887074824 20
1338580574278217729 9
1338580562865434626 6
1338580554523045890 9
1338580552002232321 19
1338580540019109896 6
1338580532196564992 5
1338580531659804673 12
1338580528446967812 7
1338580527272570880 10
1338580525066412034 25
1338580502102437889 10
1338580501167288320 8
1338580487497977859 17
1338580483991605248 7
1338580482913611776 20
1338580475292635139 5
1338580474835427335 5
1338580466530652160 10
1338580466069368836 16
1338580464890732558 20
1338580462403514369 5
1338580462315376643 21
1338580452114882561 11
1338580450340704257 6
1338580447639580675 9
1338580431650877440 21
1338580412663275521 10
1338580387803639818 7
1338580377095589892 3
1338580375333965825 11
1338580367415119872 5
1338580365699674112 10
1338580357256515589 11
1338580356195364864 21
1338580338646331394 13
1338580332321394688 8
1338580324075364352 14
1338580317360312321 4
1338580315485433856 2
1338580311760769024 15
1338580308187369476 14
1338580304529854465 22
1338580303078682624 16
1338580291951026176 12
1338580289950453761 7
1338580287014440961 6
1338580286813122563 27
1338580278357487617 10
1338580274947436552 9
1338580274934927361 17
1338580273760448512 8
1338580265636163586 16
1338580265241866242 13
1338580257461448704 20
1338580256681205761 7
1338580247898451971 1
1338580246384308229 20
1338580245830635521 4
1338580243020439553 8
1338580242668134402 5
1338580230794055695 18
1338580228549931008 3
1338580220283117577 3
1338580217728647168 20
1338580216071876608 7
1338580204827107330 6
1338580203711459332 8
1338580200855121922 9
1338580198124613639 23
1338580191816331268 17
1338580185692647426 17
1338580184409182209 20
1338580184128233475 4
1338580177694187520 18
1338580167707463680 16
1338580166197587975 7
1338580164125593602 7
1338580160099086340 10
1338580155741196289 19
1338580150502375424 19
1338580137655361540 10
1338580135306530818 8
1338580127551250436 21
1338580117472366594 11
1338580108928495616 19
1338580100393152524 8
1338580099751358481 3
1338580099604549636 10
1338580095921958912 6
1338580085364940806 6
1338580082709901317 16
1338580080935759873 14
1338580076670160898 17
1338580074770141185 37
1338580071595069444 8
1338580071343329281 13
1338580059200905217 4
1338580054809473024 15
1338580049058992129 3
1338580041677017090 6
1338580030541058048 14
1338580025474490368 9
1338580025109569536 11
1338580021028429824 5
1338580018751016966 9
1338580016863580160 10
1338580016829968386 12
1338580016695635969 14
1338580016599330822 15
1338580012728020993 6
1338580012035940353 19
1338580007438921728 12
1338579995036446723 6
1338579994306600960 14
1338579989286039554 18
1338579988329730048 21
1338579986756853763 19
1338579984634572804 22
1338579977370005505 5
1338579972617887751 6
1338579972341035016 17
1338579970331906048 7
1338579969291636736 5
1338579963767873536 14
1338579962606063616 17
1338579953131130883 16
1338579946910978060 14
1338579940632039424 7
1338579938677583880 18
1338579933178761216 5
1338579918213541895 18
1338579917672419330 8
1338579911527849986 10
1338579910869204992 7
1338579909979992065 4
1338579909581578241 14
1338579904984702976 14
1338579902002384896 7
1338579901545406466 6
1338579901352275968 7
1338579900941287424 18
1338579891332255745 19
1338579888505200640 16
1338579887729369098 4
1338579885833531393 13
1338579873988628480 7
1338579871090450432 10
1338579868020318211 9
1338579861951090688 14
1338579859744968705 14
1338579856653684737 7
1338579855445807108 23
1338579855152189440 5
1338579853067636736 16
1338579850324488199 22
1338579849720582144 10
1338579844658028544 16
1338579841457729541 8
1338579834298118144 25
1338579828350607363 3
1338579820725362688 10
1338579816577163267 7
1338579813934698497 9
1338579812391284736 6
1338579806045126656 6
1338579800760360960 27
1338579793831407625 5
1338579788106063872 7
1338579786407534594 6
1338579783337316357 27
1338579782536052736 10
1338579772201463808 12
1338579768992784384 7
1338579768883748864 18
1338579765620576267 12
1338579763095597059 20
1338579752920051713 8
1338579742602223623 6
1338579734054232067 26
1338579731999035393 13
1338579731223097345 14
1338579731122429952 7
1338579730531053568 6
1338579729180471301 15
1338579728228298753 7
1338579721475526657 19
1338579720229761024 4
1338579719072088064 9
1338579717717372930 28
1338579711887339522 9
1338579705121935361 11
1338579704928989186 25
1338579695827292174 24
1338579693080076290 11
1338579692023132160 3
1338579689334444032 5
1338579675828858880 20
1338579672427360257 7
1338579664244264978 6
1338579661165654026 6
1338579659072675848 27
1338579651728465921 18
1338579649698390017 84
1338579644572905474 18
1338579636305993734 5
1338579636045930498 4
1338579634619899907 10
1338579622074650628 8
1338579610926256132 3
1338579603791761410 3
1338579593914093568 5
1338579583214489601 12
1338579580064567299 8
1338579575123697665 9
1338579570451091457 16
1338579555037143044 8
1338579548640829440 8
1338579547994861568 7
1338579547210575872 12
1338579546816319489 29
1338579543100108801 20
1338579542806568960 14
1338579540113825793 15
1338579536875761664 17
1338579530408218625 19
1338579523009449984 6
1338579521558241280 8
1338579518240460811 25
1338579513966534658 5
1338579513781915649 17
1338579513727463425 12
1338579513589043200 8
1338579513530204160 12
1338579513496784906 9
1338579513278492673 17
1338579512251076611 17
1338579503619182592 4
1338579496635691012 30
1338579492944560129 21
1338579481557159937 7
1338579479145410560 19
1338579474447798272 4
1338579470928769024 11
1338579470827982848 7
1338579469716643849 18
1338579465480380417 23
1338579463064399878 9
1338579461483225091 17
1338579460900139012 9
1338579456567500800 7
1338579444689080320 8
1338579441476395010 12
1338579433284923396 22
1338579426628542466 6
1338579426536284168 9
1338579420513251329 10
1338579414142111744 8
1338579412191768577 22
1338579409855524866 20
1338579409448673281 21
1338579408676917249 12
1338579405023694848 18
1338579397016768512 18
1338579392642113536 20
1338579373868257280 6
1338579363885797376 8
1338579363793657857 8
1338579347033239554 10
1338579346760605698 24
1338579343887437826 8
1338579339038896130 11
1338579332600635401 6
1338579328905465861 13
1338579327315812352 4
1338579311377395713 17
1338579294822469633 8
1338579293002215430 17
1338579292742164487 12
1338579290217213957 5
1338579289936105472 3
1338579283288223748 5
1338579282658934785 9
1338579275469959168 12
1338579266091556865 11
1338579264556453890 22
1338579261616054272 14
1338579248416755713 9
1338579241609248768 6
1338579229143920643 4
1338579227730440200 27
1338579222357569544 16
1338579220830760962 11
1338579220046426116 18
1338579218419093511 19
1338579217357926410 13
1338579209397166081 24
1338579204594683909 17
1338579196122071040 18
1338579183719632897 16
1338579183530807300 7
1338579183077888002 18
1338579182671032326 23
1338579180120772608 5
1338579173422497794 5
1338579170708910082 21
1338579167072411648 24
1338579150811107328 9
1338579145304002560 25
1338579144016351241 8
1338579143483678723 23
1338579141675917316 18
1338579137406099465 9
1338579135204036609 5
1338579134000279560 10
1338579129269153799 7
1338579123984347136 2
1338579123971756040 20
1338579115264262145 6
1338579106573631490 23
1338579092560629762 12
1338579089687363586 30
1338579083563819009 6
1338579073602383875 18
1338579068783108096 16
1338579060205744131 3
1338579050349125634 8
1338579047413145601 6
1338579041243246603 22
1338579037464240132 8
1338579036554080258 6
1338579036453433352 12
1338579031453806596 9
1338579026609393666 5
1338579024797437965 22
1338579023065178113 3
1338579022561898496 13
1338579022247321601 12
1338579015725174784 14
1338579013321756675 3
1338579011912560640 8
1338579011400839169 9
1338579007873429508 27
1338579005516230656 24
1338579004991868931 13
1338579000772489217 3
1338579000571080708 3
1338579000340385795 12
1338579000298532864 11
1338578997614161923 19
1338578995567157248 21
1338578986780291073 17
1338578975065575426 22
1338578962960830465 8
1338578962390405122 15
1338578961870229513 15
1338578954576388106 5
1338578941288669185 8
1338578932241731586 10
1338578931650162688 18
1338578928059953154 20
1338578926931611648 10
1338578897059934209 19
1338578894190948356 9
1338578893133975554 14
1338578884833505280 9
1338578868295364608 8
1338578866525401089 14
1338578864549859328 6
1338578852868726790 8
1338578848150118401 12
1338578843070726144 10
1338578836984885250 19
1338578833016905729 5
1338578826868236288 21
1338578826633285632 21
1338578819410759680 6
1338578818110545921 9
1338578811986862080 6
1338578810724343810 6
1338578810535620610 6
1338578809369587716 6
1338578808493010946 8
1338578794588803072 3
1338578791015256074 11
1338578787152359426 2
1338578785113956356 8
1338578780345004040 8
1338578779871076358 16
1338578779799769088 7
1338578779321507840 11
1338578778516299777 17
1338578775513108480 28
1338578774703681552 6
1338578771612491776 24
1338578765925015552 24
1338578765002235904 11
1338578760082354181 16
1338578758379323393 5
1338578758119411716 10
1338578755850297350 11
1338578754533269507 5
1338578731632369665 8
1338578723788840961 9
1338578720228061187 9
1338578719905083393 16
1338578718944530432 14
1338578718164447234 14
1338578696068861959 3
1338578693485170689 12
1338578676141658117 3
1338578675026026496 19
1338578660715077635 8
1338578659293196288 9
1338578653060456450 22
1338578651974148101 9
1338578650489348098 25
