1338591480479408131 5
1338591475697922049 16
1338591473919516682 16
1338591468542435328 19
1338591467078606850 17
1338591463874023424 14
1338591459356930051 23
1338591459163983877 17
1338591451828121602 15
1338591447482728448 5
1338591443871539200 18
1338591442109861889 9
1338591440750907395 8
1338591438167298049 6
1338591436007239680 4
1338591428176453634 19
1338591426951712768 23
1338591424544190466 22
1338591420060487680 13
1338591418349092865 9
1338591417027932161 15
1338591415601942536 16
1338591413399924743 5
1338591412020011010 20
1338591403782311936 23
1338591403480387586 11
1338591399999115270 19
1338591395213414401 23
1338591388942864385 19
1338591387240058883 10
1338591384467599361 3
1338591373050720259 6
1338591362372014081 23
1338591353522020355 9
1338591352444030981 7
1338591351773011968 8
1338591345598996482 9
1338591328750460929 20
1338591327404089348 4
1338591324262567936 8
1338591323306258439 19
1338591320416411663 6
1338591306675851269 14
1338591302515105794 14
1338591301244219392 18
1338591301122580480 10
1338591295246397442 18
1338591293312741376 6
1338591290536112130 10
1338591290372591628 11
1338591287218479107 6
1338591286878617600 8
1338591282478931971 19
1338591272685228032 7
1338591270713909250 15
1338591268767739906 5
1338591264619573254 7
1338591254574141444 3
1338591252011421698 18
1338591245203984384 16
1338591244549840900 9
1338591243287355394 4
1338591239726370820 24
1338591235221630976 5
1338591234550534146 6
1338591226933731335 16
1338591218230587395 22
1338591217165197314 22
1338591216863240195 22
1338591216129064960 9
1338591213306269696 8
1338591208218779654 8
1338591203416178688 6
1338591187670888449 4
1338591187373002752 10
1338591187167481858 9
1338591181869965312 21
1338591178229428225 9
1338591177101225984 20
1338591176203628545 13
1338591172801953792 4
1338591169408872448 8
1338591161523572738 4
1338591158562410500 4
1338591138706493447 7
1338591136986886146 11
1338591132536737794 9
1338591131513327619 6
1338591129839628290 23
1338591120998232067 10
1338591120620744712 8
1338591118426918913 13
1338591113360371714 18
1338591109677780994 14
1338591108562083842 6
1338591108339740674 10
1338591107538554880 8
1338591097728225283 8
1338591089733873664 16
1338591080531566593 7
1338591077876559872 10
1338591068904960004 24
1338591065348182016 6
1338591064970686471 3
1338591049011372034 23
1338591041117696006 6
1338591033832189952 7
1338591025267404801 7
1338591022390112256 8
1338591020997619714 14
1338591017839292420 19
1338591014664155137 4
1338591014500638721 8
1338591009085792257 15
1338591008511189001 31
1338591006544044033 19
1338591006497927172 6
1338591000659451904 6
1338590993352957956 19
1338590988911210496 17
1338590986935660547 9
1338590975292289024 10
1338590970590453762 16
1338590968254242821 25
1338590965171412998 15
1338590964336783364 17
1338590963711823872 11
1338590963384643586 8
1338590962717757442 8
1338590959957893120 11
1338590957718167560 15
1338590953549008897 22
1338590950084501518 23
1338590943746854914 6
1338590942476038152 24
1338590939800014849 5
1338590934301364227 17
1338590934167138304 22
1338590934028742657 5
1338590932237766657 9
1338590923803009024 19
1338590920636309506 5
1338590915015954433 21
1338590913162059778 21
1338590908393037824 9
1338590906384060416 17
1338590889187401730 26
1338590882833063950 8
1338590882593984519 17
1338590881813835776 14
1338590881733984256 14
1338590879892852739 9
1338590879381131268 8
1338590877707603969 23
1338590874268299266 13
1338590873597194242 5
1338590868509343745 22
1338590852541767680 9
1338590851354808323 24
1338590849949720581 16
1338590847009390594 20
1338590842882322435 5
1338590842605481992 15
1338590839833059333 7
1338590838637662210 15
1338590838348107776 11
1338590838188720129 14
1338590827203989507 12
1338590823605284865 4
1338590821768114184 11
1338590815703228416 11
1338590813744472067 5
1338590803405451264 11
1338590800054259719 19
1338590798523342849 6
1338590798229745664 6
1338590796832976897 10
1338590795037880323 5
1338590793037176833 5
1338590785739091968 7
1338590783515967488 9
1338590782387720192 9
1338590776129884160 28
1338590774779211776 28
1338590768735383552 3
1338590760648642560 4
1338590750360154117 7
1338590747675815938 4
1338590740205604864 8
1338590738175520768 12
1338590729719996417 19
1338590724070182928 6
1338590723562737672 13
1338590722233163776 16
1338590718818922497 3
1338590717992521728 9
1338590713366392833 4
1338590712045178881 24
1338590710023528449 7
1338590709696385025 7
1338590695939051521 17
1338590694315859968 11
1338590685415559168 22
1338590685084041216 19
1338590677026922499 12
1338590676955656192 5
1338590676754309123 20
1338590666344067074 1
1338590665551167488 12
1338590663827480577 10
1338590646525972481 21
1338590643170521092 15
1338590635461369867 20
1338590627953565699 8
1338590626783367169 24
1338590625382473728 6
1338590616578625539 15
1338590614817005568 5
1338590614527553536 6
1338590613948821508 6
1338590613734895619 3
1338590612782714881 11
1338590592729833473 16
1338590591639285760 67
1338590590083207170 25
1338590589592408073 29
1338590588908810242 5
1338590586580860928 18
1338590586480123905 6
1338590581950472193 14
1338590577013776385 8
1338590576401375232 15
1338590575105368076 17
1338590569522753538 18
1338590568339959814 9
1338590561528328199 10
1338590542616260610 19
1338590541089484807 4
1338590530842873857 24
1338590514770309123 18
1338590507853864976 12
1338590504687198223 9
1338590503877664784 18
1338590502439051267 20
1338590501075902465 16
1338590496638316556 19
1338590493933002752 16
1338590472223199232 21
1338590463624957952 13
1338590463163502595 17
1338590458633719809 21
1338590446843547655 7
1338590444498907139 14
1338590442749718529 5
1338590441445343232 8
1338590440401088512 11
1338590439847301120 7
1338590438899367936 9
1338590432637448195 21
1338590425561575429 6
1338590424836038656 5
1338590423565086722 23
1338590421652475913 9
1338590421174296577 20
1338590414362845188 10
1338590414056648704 9
1338590412320149507 16
1338590407714873346 16
1338590393575768064 14
1338590383752830977 7
1338590380783243275 7
1338590380045053955 17
1338590375934533633 4
1338590367931887625 25
1338590364798685189 17
1338590360067596289 19
1338590355026046979 5
1338590343478927361 10
1338590343063875584 8
1338590337867124744 6
1338590334838824961 10
1338590329809809410 10
1338590306439208963 11
1338590303717044229 9
1338590299971588102 10
1338590296599273472 11
1338590292115591168 21
1338590279578730496 19
1338590272763154434 31
1338590272070901760 9
1338590270762475521 6
1338590267142770689 7
1338590266467430403 8
1338590266228428801 17
1338590260129886208 9
1338590257030246404 9
1338590255994245124 16
1338590253683073024 29
1338590252102000643 20
1338590251116355585 15
1338590249765785611 13
1338590246284521475 6
1338590245965664258 8
1338590244535476233 12
1338590228412502018 22
1338590226994892800 22
1338590222267928577 11
1338590221471014913 28
1338590220338475009 7
1338590219931705344 5
1338590216274259970 16
1338590215691177984 26
1338590211178024962 9
1338590206891618307 7
1338590192349958145 16
1338590188642164738 20
1338590185613893632 7
1338590181549543424 21
1338590176147288067 9
1338590171726573569 13
1338590166693392384 5
1338590166525554690 19
1338590164621398022 14
1338590164243808256 11
1338590159953035264 8
1338590158254448640 16
1338590151644213248 15
1338590148196446208 7
1338590133419991040 18
1338590129942917134 17
1338590111651520513 6
1338590111190183936 19
1338590101715169280 6
1338590100461137920 21
1338590094899310592 22
1338590093053980675 7
1338590085453910019 5
1338590083386118144 10
1338590083113508869 15
1338590077941936134 15
1338590076327092232 7
1338590075421069321 9
1338590074817146880 14
1338590064218091523 7
1338590059738619918 10
1338590057981239297 14
1338590049152032768 9
1338590046585122816 22
1338590041279434755 11
1338590037529735174 11
1338590034241327104 5
1338590033843007493 23
1338590033633271808 9
1338590031305433088 12
1338590026284855297 6
1338590026125500428 24
1338590021637574658 6
1338590021096534027 6
1338590019704020992 17
1338590017220915205 14
1338590013685071872 9
1338590001370714121 11
1338589997771927563 18
1338589995158937600 8
1338589994089373697 11
1338589992101306376 12
1338589985100812288 38
1338589970647425029 20
1338589966759235586 10
1338589965442281474 10
1338589964326547456 24
1338589964167221250 10
1338589960136511488 21
1338589958265856001 7
1338589950779023363 11
1338589950107906050 2
1338589946798628868 9
1338589943405432834 9
1338589938175143937 17
1338589937340444673 18
1338589934127632385 19
1338589931606773767 23
1338589931380338688 15
1338589929689948160 10
1338589927643230213 13
1338589926733058048 15
1338589925348925440 7
1338589922157072392 19
1338589919426568204 22
1338589914733174785 4
1338589912690552841 7
1338589911147032577 18
1338589908416466946 15
1338589905140768769 31
1338589898329247747 4
1338589885343666192 8
1338589881350709251 20
1338589880054673409 2
1338589879446323200 18
1338589872546869248 15
1338589871791697920 7
1338589866913902592 11
1338589861964636160 10
1338589860748259329 16
1338589852812636166 7
1338589847926280196 16
1338589844759580679 9
1338589839667638272 6
1338589836672905218 11
1338589831761432578 20
1338589831526412289 21
1338589831354593285 6
1338589828796080128 20
1338589826715676676 15
1338589822060027912 16
1338589818960433154 12
1338589811951669253 14
1338589809649004545 16
1338589807203635200 22
1338589805517615116 26
1338589797925969923 8
1338589791831650308 5
1338589783761666048 9
1338589782558068736 8
1338589781605806080 14
1338589781350096898 12
1338589778879516673 21
1338589778518945795 5
1338589772168753171 17
1338589770826571777 9
1338589767412441089 24
1338589765428539392 12
1338589762387587075 16
1338589758193192961 5
1338589740816355328 19
1338589739604066306 21
1338589731232358412 9
1338589728468307969 16
1338589724064280578 10
1338589723858755584 8
1338589720381509634 23
1338589714920730624 5
1338589714232827906 3
1338589713423331331 21
1338589713398079488 5
1338589700769058817 10
1338589700739772419 9
1338589699724767232 15
1338589699347189767 7
1338589694884458504 16
1338589688047734791 35
1338589685711577090 16
1338589682305806358 17
1338589678237323264 4
1338589675515224064 19
1338589674466652161 8
1338589673032192007 8
1338589672935714822 16
1338589666203746304 16
1338589660856152066 11
1338589659568328704 6
1338589658654142465 9
1338589657638965248 14
1338589651045658629 7
1338589644607418368 17
1338589643542028289 14
1338589642946437124 8
1338589642359189507 5
1338589641981759490 13
1338589641616842755 7
1338589640719265795 15
1338589624126599169 10
1338589594195881984 10
1338589593382211585 7
1338589590542757888 8
1338589586906370048 8
1338589586415472640 9
1338589585996210177 16
1338589585849286656 11
1338589585824247810 21
1338589585727578112 9
1338589585723441153 12
1338589585648087042 2
1338589584960217094 9
1338589584754700288 8
1338589584352038917 10
1338589583999524864 10
1338589583949312001 10
1338589583894667265 11
1338589583890518016 14
1338589583827582981 22
1338589583488000001 17
1338589583378935809 8
1338589583278288896 17
1338589583185866752 16
1338589583165042694 9
1338589583131340803 14
1338589583018131457 22
1338589582837776384 7
1338589582812704771 14
1338589582523154432 10
1338589582426718209 17
1338589582380548097 8
1338589582158262272 12
1338589582078615552 15
1338589582045171712 18
1338589582032596994 20
1338589581843734528 9
1338589581839540225 10
1338589581675876352 19
1338589581638328326 9
1338589581587836928 8
1338589581432778760 4
1338589581294198785 10
1338589581222899712 18
1338589581193732096 5
1338589580984004609 14
1338589580975456257 6
1338589580879159302 16
1338589580405202950 6
1338589580266790916 17
1338589580195373057 6
1338589579683762178 17
1338589579545178113 8
1338589573807390720 17
1338589571278401539 17
1338589569747308544 21
1338589560360611843 9
1338589554853486593 21
1338589554731782150 23
1338589550982082562 13
1338589549795004417 16
1338589549279277056 17
1338589544871030792 15
1338589538961264646 14
1338589538499751937 10
1338589537136762881 6
1338589531864526848 9
1338589529289203717 23
1338589528370647042 20
1338589524339929090 14
1338589516857286660 13
1338589509072596997 5
1338589506979700738 27
1338589504458924037 19
1338589497588592640 17
1338589495999033344 12
1338589478827544580 4
1338589471411941380 7
1338589460922044418 12
1338589460796215300 9
1338589453183561733 11
1338589450352402433 17
1338589442248990731 17
1338589438247641095 11
1338589436976750593 14
1338589429276045320 15
1338589425652150274 8
1338589424939126784 8
1338589422883909640 10
1338589417154486273 4
1338589410401673217 6
1338589403321688069 19
1338589400847015936 8
1338589392009535489 17
1338589387811147777 21
1338589384350711808 20
1338589382224334853 22
1338589380869566468 5
1338589380529836032 19
1338589374234177537 3
1338589368492154885 8
1338589353342164992 10
1338589353073758208 8
1338589347281571840 18
1338589343900966912 8
1338589342504108032 8
1338589340172107777 5
1338589336078589954 7
1338589335260712960 15
1338589330412105737 21
1338589329493544964 17
1338589328222646272 13
1338589321453064202 17
1338589316369485839 16
1338589314041729024 16
1338589311445442565 7
1338589299386830851 9
1338589296610119689 16
1338589296257863682 9
1338589294244458498 17
1338589285839216643 7
1338589282894811142 6
1338589276586565641 9
1338589276523667457 5
1338589275114377216 6
1338589271343702017 13
1338589270035066882 7
1338589269003210755 10
1338589264574115845 17
1338589264448249856 13
1338589264414695430 10
1338589257083080704 12
1338589254507782152 13
1338589241853538307 5
1338589241786445826 19
1338589231510396934 21
1338589223453155328 18
1338589219728445440 12
1338589217287512065 3
1338589216201187330 7
1338589215882420224 11
1338589210593333250 21
1338589206944206848 4
1338589203433713665 6
1338589200602574850 5
1338589200422203394 8
1338589195732914176 20
1338589195280015361 15
1338589187868680192 14
1338589186249592834 6
1338589183158476809 20
1338589179014344704 19
1338589177919713280 24
1338589173490585600 12
1338589171447963654 7
1338589162711216132 17
1338589155899695105 8
1338589154272301059 13
1338589152238063618 13
1338589147422994436 21
1338589142796660738 5
1338589142251401217 24
1338589141051842562 9
1338589140170858497 9
1338589123360206849 10
1338589120839335936 18
1338589114778726400 9
1338589105630932993 26
1338589104754335747 16
1338589104548745221 25
1338589086433628161 8
1338589083984080899 4
1338589076455370760 6
1338589076404965395 20
1338589076329361408 8
1338589068582674435 8
1338589066095329280 10
1338589064753254405 9
1338589062916141059 9
1338589059342508034 23
1338589058830901249 20
1338589058323329031 19
1338589056897327108 19
1338589056557608960 3
1338589051654434818 10
1338589041621671937 6
1338589038580731907 26
1338589030330589188 3
1338589027675467776 22
1338589026220118016 24
1338589024240476161 20
1338589021711294468 3
1338589018712403968 13
1338589010407682056 5
1338589002258128897 3
1338589000249073664 7
1338588997925433345 7
1338588996365062161 12
1338588991399071744 25
1338588990631538693 9
1338588988932829190 7
1338588988727324678 9
1338588985707417600 5
1338588979210424322 18
1338588974416334852 15
1338588972453388291 13
1338588972369518592 10
1338588963796344833 8
1338588963238535175 5
1338588954522771456 10
1338588945756643328 6
1338588945744080896 25
1338588942506004484 25
1338588940819959808 7
1338588936193650688 6
1338588934213918721 9
1338588933714817027 5
1338588923631718403 27
1338588913879965696 7
1338588912181239811 29
1338588907890421763 24
1338588905969475585 8
1338588905067732992 8
1338588899292164098 15
1338588893956943875 3
1338588885580800000 3
1338588882506571777 15
1338588882078674946 24
1338588868849897486 22
1338588859328843781 9
1338588843558260737 25
1338588842178261008 3
1338588841700175875 9
1338588824860037122 21
1338588821324247042 14
1338588816798527489 8
1338588810691612674 11
1338588806358896644 4
1338588806157578240 13
1338588800856043522 22
1338588797798379521 12
1338588797756448771 2
1338588797538275331 19
1338588797391360000 3
1338588791909609472 26
1338588791406284800 13
1338588775094554628 7
1338588770241753090 6
1338588770191482890 8
1338588759584075776 24
1338588757839253506 6
1338588755670740995 6
1338588750474059787 26
1338588745478582273 10
1338588743972737025 4
1338588740630011905 4
1338588739703099392 8
1338588737756950531 10
1338588736376999943 6
1338588733692669952 15
1338588726453268481 24
1338588717909471232 11
1338588707939438592 10
1338588698036887555 16
1338588695465766915 18
1338588693297319937 8
1338588692835917825 22
1338588691237908480 8
1338588686607392771 17
1338588685785292811 2
1338588685600763910 9
1338588677035991042 14
1338588673709920258 6
1338588669020606466 17
1338588665921101828 17
1338588663299657728 24
1338588663190609926 17
1338588661995155463 18
1338588654659375106 9
1338588647394828290 7
1338588645608058880 23
1338588633276813326 5
1338588632559579143 12
1338588632333082633 9
1338588628247863296 26
1338588627199201285 3
1338588626133934083 25
1338588620937191425 23
1338588619976503296 7
1338588610937884675 15
1338588609398640642 10
1338588607909654528 10
1338588606466842626 11
1338588602654208001 11
1338588599785299969 8
1338588596018802689 10
1338588590499094528 3
1338588590104846336 17
1338588588573802498 5
1338588585369493507 14
1338588583951785984 14
1338588583943397383 6
1338588583372976130 7
1338588582425006083 14
1338588579874762752 15
1338588576221700102 4
1338588575223476224 10
1338588573004562432 8
1338588571154984961 9
1338588567736623105 24
1338588566344114177 5
1338588561403236359 5
1338588540897255426 8
1338588533175578625 18
1338588531032207360 8
1338588527517425672 18
1338588514334748676 17
1338588509830000643 19
1338588502213201922 3
1338588501504385025 21
1338588494717915139 10
1338588491828113409 22
1338588487579267080 24
1338588467949948930 10
1338588467425652739 3
1338588461192896515 11
1338588459619987458 11
1338588453886435329 19
1338588450484674561 6
1338588444210196488 9
1338588442570190850 4
1338588441433542658 13
1338588430524178433 23
1338588428729004038 7
1338588424287236096 5
1338588423448371200 14
1338588422781415426 10
1338588417920294913 7
1338588413914722309 4
1338588412169904132 17
1338588411578355713 10
1338588409967861765 4
1338588402833350661 21
1338588396277653504 15
1338588392926441474 23
1338588391886163970 17
1338588388807462912 5
1338588379018104832 6
1338588378128916480 17
1338588377122213890 9
1338588376165978115 20
1338588374601506817 9
1338588374089805833 7
1338588367181795342 4
1338588367076741120 8
1338588366850449409 11
1338588366212714496 6
1338588359879495687 7
1338588359216816129 21
1338588352145215488 8
1338588344415121411 6
1338588343798468615 5
1338588339239329794 6
1338588333832888322 12
1338588330863304708 14
1338588329189761025 7
1338588327990210560 2
1338588325842739200 7
1338588324055945223 17
1338588324043386880 5
1338588321421746176 19
1338588319802925056 13
1338588309375700993 16
1338588302736306179 11
1338588301868085249 9
1338588298370015242 25
1338588292196020225 20
1338588291235532800 8
1338588284235214848 9
1338588278484824064 19
1338588268896677888 7
1338588265495089157 19
1338588264022814720 12
1338588251628720130 10
1338588249934139395 23
1338588249078509570 12
1338588247048548354 8
1338588241520431106 4
1338588240278765568 8
1338588239792312323 17
1338588235052756999 23
1338588229356969985 3
1338588224508338178 15
1338588217088630784 19
1338588213846310912 23
1338588211803807745 12
1338588205851897856 8
1338588205403176960 7
1338588202064637953 4
1338588198025486337 5
1338588196100304900 20
1338588188198244357 4
1338588187128721421 14
1338588186071666700 20
1338588183647428609 5
1338588181675950080 8
1338588176299012103 7
1338588171483877377 4
1338588168443015178 8
1338588165528035329 20
1338588157651070977 8
1338588155792871424 28
1338588148541087744 20
1338588145596715016 4
1338588139477213184 6
1338588136335683589 5
1338588123111026690 4
1338588118295977984 6
1338588109345345543 14
1338588105251692544 15
1338588075686064129 8
1338588075392442377 11
1338588072540303364 5
1338588072393519106 15
1338588071923765252 16
1338588065628090375 27
1338588063321247749 23
1338588053431083011 6
1338588051866521602 9
1338588048674721792 7
1338588047118569474 16
1338588045075951616 3
1338588043259879426 21
1338588042374701057 22
1338588042295128066 14
1338588041833635840 37
1338588039094923264 10
1338588034787381251 24
1338588034598658048 4
1338588032698609665 14
1338588032375476231 23
1338588014499532801 20
1338588012716941315 22
1338588008749076482 17
1338588006077362177 18
1338587992886304768 10
1338587991518933015 2
1338587988167680001 10
1338587986859003907 7
1338587971864313857 3
1338587971025588225 18
1338587959621283843 20
1338587959449284610 7
1338587955884134407 4
1338587949508816896 6
1338587948661424128 21
1338587942193860614 7
1338587940700778497 12
1338587938481967105 6
1338587936569372673 9
1338587929933963266 18
1338587929778778120 17
1338587918802296835 23
1338587907704016903 7
1338587902687776768 2
1338587894039064576 9
1338587871691862018 10
1338587871683481601 18
1338587871473700874 18
1338587862858657799 9
1338587842469974016 27
1338587837441011713 11
1338587832772931586 19
1338587832504508417 13
1338587830327541761 6
1338587818071748608 8
1338587805249908741 2
1338587803953868810 12
1338587800292253696 26
1338587775147372545 24
1338587772584677379 18
1338587770869182464 17
1338587765525639172 16
1338587760014352395 8
1338587759603294208 17
1338587756533084160 10
1338587730826174466 5
1338587729622347780 15
1338587720575283201 20
1338587715923816449 4
1338587714455801859 12
1338587705165443087 7
1338587700169945093 14
1338587691873669120 12
1338587687951937542 18
1338587684114210818 9
1338587677441085440 20
1338587671980093440 19
1338587666040975361 12
1338587665126584327 9
1338587661368520705 6
1338587655194484738 11
1338587647313408000 5
1338587645438472194 20
1338587643580461058 2
1338587635602829314 18
1338587634600452097 10
1338587633405063175 7
1338587631312134144 9
1338587629760118784 20
1338587628178968576 21
1338587623686856705 14
1338587616728506368 4
1338587614539079682 25
1338587611418472449 6
1338587606179696640 4
1338587605106110467 11
1338587599636635648 20
1338587598516842496 8
1338587596398727171 17
1338587594813304832 22
1338587581198503936 9
1338587578186993673 16
1338587574147969032 13
1338587570553425920 10
1338587565256024073 13
1338587564979220483 21
1338587560101244933 30
1338587555638415364 9
