1338574457602969602 24
1338574429815775234 17
1338574427085131776 20
1338574421045489668 10
1338574404440174593 23
1338574399050485760 13
1338574382353047562 19
1338574379899346960 5
1338574372555137027 21
1338574368532803592 2
1338574364443357194 5
1338574358881636362 20
1338574354431406081 16
1338574354284593152 16
1338574352011419651 5
1338574351336091652 10
1338574347238330368 8
1338574346416246785 3
1338574328590438400 8
1338574328502366208 18
1338574322017984513 21
1338574319044227074 5
1338574306331271170 18
1338574302342426625 4
1338574299905601538 3
1338574292162842626 24
1338574288564199425 14
1338574285854527488 12
1338574270021177346 8
1338574269677268993 15
1338574266422468609 13
1338574260315582477 22
1338574259883536385 4
1338574258059030529 11
1338574250786099200 16
1338574248911187977 17
1338574246130245632 6
1338574241613144065 18
1338574238752657408 18
1338574238320562177 9
1338574237926223872 7
1338574236944777216 18
1338574234981953538 28
1338574230447923205 25
1338574222327771138 18
1338574207312130048 4
1338574200865480704 12
1338574198076301322 18
1338574196222423040 19
1338574194259472389 18
1338574191998750721 10
1338574182075035651 4
1338574180061745152 4
1338574176295202820 25
1338574169399652352 7
1338574167965360128 4
1338574155311177729 9
1338574150525448193 16
1338574131533639681 17
1338574122490580993 3
1338574112420204547 17
1338574108234280962 6
1338574106967613442 16
1338574097169723392 10
1338574088332341248 10
1338574075459932161 23
1338574073400598528 7
1338574072456704000 18
1338574069436985344 27
1338574066333208580 8
1338574064286380033 8
1338574060847034375 4
1338574045634318336 11
1338574036511633410 3
1338574033978351622 3
1338574017792528384 7
1338574012713226240 12
1338574012369281026 13
1338573990676328451 7
1338573988017152002 9
1338573976923230209 26
1338573976797212672 16
1338573976784621570 16
1338573974167547905 14
1338573972791824386 26
1338573968568168450 25
1338573960003379201 27
1338573959181307908 21
1338573957407141888 20
1338573956270321664 2
1338573951136452612 16
1338573934598492166 16
1338573932560048129 12
1338573920333668359 10
1338573917213126658 22
1338573914499330051 21
1338573914172248070 9
1338573908728045568 11
1338573908723830787 16
1338573908086177792 4
1338573902956683276 5
1338573902684024841 10
1338573895784419328 21
1338573895306256387 18
1338573872669536256 7
1338573864733962241 16
1338573864662564865 9
1338573864444563460 18
1338573854193700872 20
1338573851169497089 16
1338573848363606017 15
1338573834996297728 15
1338573831695454218 27
1338573831481470980 19
1338573827123515392 8
1338573825131352064 12
1338573823445233669 12
1338573822178504704 21
1338573818546298881 7
1338573816885338118 12
1338573804193247232 13
1338573797063077890 16
1338573790729674760 11
1338573789458812935 10
1338573787088957440 9
1338573785625202692 8
1338573783234383874 8
1338573782458503170 5
1338573759503101952 15
1338573739261300736 16
1338573737059348480 7
1338573736254054402 7
1338573731883413504 7
1338573725029990400 16
1338573719992725505 15
1338573715223744512 10
1338573697947471873 18
1338573694487195648 6
1338573692507394053 6
1338573687121973248 21
1338573680369131520 13
1338573679022764034 7
1338573675663134728 10
1338573672743833601 3
1338573666498514950 4
1338573664518811649 19
1338573655597576193 8
1338573652745400321 5
1338573636618350593 18
1338573634714148891 5
1338573634651246593 10
1338573622575849472 12
1338573619199414273 10
1338573616741494793 7
1338573616468930561 14
1338573613142831107 5
1338573604422897666 2
1338573601474220039 12
1338573601331671044 24
1338573599276376064 16
1338573598303395843 14
1338573597145698306 15
1338573591550504964 10
1338573578426572800 20
1338573577138933760 12
1338573575347974148 8
1338573572420329472 10
1338573571258388480 19
1338573569308102668 13
1338573562760851457 29
1338573562232401920 1
1338573561305436167 10
1338573559287980035 18
1338573556117090313 15
1338573553776685063 8
1338573551817945088 9
1338573544763101184 12
1338573537125261312 16
1338573533270695936 8
1338573524395503616 16
1338573520884932610 22
1338573515012902912 6
1338573514991865858 14
1338573500890701826 5
1338573498244096001 24
1338573496801222656 20
1338573495865896965 8
1338573473417887744 19
1338573473371787267 8
1338573473354899456 16
1338573464303775746 7
1338573445592997889 17
1338573443932041216 11
1338573443877335040 9
1338573442271023106 10
1338573440127623168 11
1338573439708389388 15
1338573438676586499 9
1338573437200179205 21
1338573436227084289 6
1338573435623051264 26
1338573431709818882 8
1338573430757658626 1
1338573430178844675 16
1338573426412273664 8
1338573424281653250 18
1338573423891664900 15
1338573416392249346 16
1338573403851272192 8
1338573398985777153 18
1338573387984216067 8
1338573382925901824 17
1338573381411586049 18
1338573360587005958 22
1338573344845819905 12
1338573335962251270 4
1338573333386964995 16
1338573331495260162 15
1338573329242832896 8
1338573326730588162 18
1338573324184678407 16
1338573322024529921 9
1338573319998672903 22
1338573319017291776 8
1338573313136861184 18
1338573296632279045 13
1338573291175485445 17
1338573288763748352 7
1338573282031841283 7
1338573281629261825 10
1338573267347628032 9
1338573257298096136 26
1338573257008701446 7
1338573251962933249 7
1338573247948984323 13
1338573245788905473 9
1338573243548979200 9
1338573243343646721 8
1338573242764824581 11
1338573237714903040 19
1338573237547134976 26
1338573235638521856 8
1338573227107307522 18
1338573226767683586 23
1338573221856088065 16
1338573221839347713 16
1338573219180195841 11
1338573216785330179 5
1338573202981793798 30
1338573200167493633 8
1338573198699347973 14
1338573183331471360 3
1338573179388825601 7
1338573166264901632 8
1338573140574789638 3
1338573138439909379 9
1338573129661247498 10
1338573128407134208 8
1338573120010149888 9
1338573119594897409 9
1338573119016095746 5
1338573115052478467 3
1338573112372301828 15
1338573108932988937 21
1338573102008164353 21
1338573099135021058 14
1338573098078105601 16
1338573096920489987 3
1338573095892709376 16
1338573083821666305 9
1338573082118807554 17
1338573080348815364 7
1338573077001678855 17
1338573074585821186 3
1338573062774476801 6
1338573055317127169 14
1338573045263454209 18
1338573042696511496 11
1338573032659542016 8
1338573030709223426 11
1338573030394630144 10
1338573027827736578 4
1338573026951094272 9
1338573026464583680 8
1338573022601601028 7
1338573012350722060 12
1338573008231870464 10
1338572996588539904 7
1338572995753816072 10
1338572993824485376 14
1338572984404103172 14
1338572978779467776 19
1338572976116158477 20
1338572970348855301 16
1338572970285887488 15
1338572970164293633 13
1338572970143301632 7
1338572968373473280 11
1338572965261111296 19
1338572962300096513 5
1338572959892578309 18
1338572944121995264 5
1338572942247124993 22
1338572937440407554 18
1338572935062286336 4
1338572927390846976 9
1338572925243420675 21
1338572909560918017 21
1338572908789174282 7
1338572897716060160 16
1338572883329736705 18
1338572880464973826 12
1338572877709324288 19
1338572872474890243 5
1338572868611952640 20
1338572866275643392 4
1338572860122488835 7
1338572859329839104 11
1338572858117685248 7
1338572854498037764 15
1338572853327835137 5
1338572846084317187 8
1338572841806020608 15
1338572841273487365 14
1338572840296095744 6
1338572839402737672 6
1338572827688112130 14
1338572823313444873 10
1338572818246737921 2
1338572817537912832 4
1338572816950714370 9
1338572814429917184 9
1338572810717978624 19
1338572810432733187 6
1338572801100435459 12
1338572799867310083 6
1338572799376584704 4
1338572795064635392 11
1338572779910782978 13
1338572767755563008 20
1338572761116110848 17
1338572759937372161 16
1338572756913434626 6
1338572750584156175 20
1338572736269066240 9
1338572736088707073 13
1338572735635742726 13
1338572732930396165 13
1338572727335186437 16
1338572718556377089 16
1338572718514565126 16
1338572717054963712 18
1338572712168591360 12
1338572709756866561 7
1338572708561514502 7
1338572695856963585 18
1338572690047766528 5
1338572686025502723 19
1338572666803019776 6
1338572666467459072 8
1338572653691629568 9
1338572651783217156 7
1338572646473150464 9
1338572644938108928 19
1338572644128497665 6
1338572642496995331 9
1338572637371502592 11
1338572629779877890 21
1338572628643225600 6
1338572622485917701 12
1338572621789671425 6
1338572615552798721 7
1338572614206418946 15
1338572599924813831 6
1338572595726143488 9
1338572593171992576 9
1338572590605021184 22
1338572587786440706 10
1338572573433585667 19
1338572570069786625 12
1338572568912138251 11
1338572568169750530 20
1338572556228579328 6
1338572555310002179 7
1338572551283331072 10
1338572549391847428 15
1338572546917212161 9
1338572546418077698 15
1338572545390501889 15
1338572541066145795 3
1338572540147593218 10
1338572539556225031 11
1338572533528924161 13
1338572528625856520 8
1338572524498522113 8
1338572522766340099 20
1338572512389689345 16
1338572512263856131 15
1338572509097156611 22
1338572508774223874 15
1338572493381054464 21
1338572490533199874 14
1338572488884826115 5
1338572487290851328 8
1338572479128727553 7
1338572466902487041 12
1338572466889895943 16
1338572466835353601 9
1338572466822631424 16
1338572465711230985 21
1338572461487484929 6
1338572460627779585 11
1338572458513797121 22
1338572451698110472 20
1338572445331099649 18
1338572444035141637 9
1338572425143922688 22
1338572423508193282 19
1338572410090610691 22
1338572407364325377 19
1338572404377968640 11
1338572404059234304 8
1338572398862471168 2
1338572397994270723 20
1338572395863543810 19
1338572385499426818 7
1338572384148869122 16
1338572384001986561 20
1338572376401973249 8
1338572375567249408 12
1338572369258926080 10
1338572365379284994 6
1338572360862068745 18
1338572358882373636 6
1338572355354959872 2
1338572345573830660 8
1338572343694794755 5
1338572340804812801 6
1338572323910262784 17
1338572322127622151 17
1338572321586614277 2
1338572320324132864 6
1338572320240259074 10
1338572320038924289 18
1338572314389204992 6
1338572308953305089 14
1338572301776904193 26
1338572299801333760 9
1338572299545538566 17
1338572298182397953 24
1338572291026849800 8
1338572279589048320 5
1338572273696071688 6
1338572267190693892 11
1338572263960924160 10
1338572260458770432 17
1338572259158417414 17
1338572257543802880 23
1338572252850348034 8
1338572252078608384 10
1338572249528487936 9
1338572242205159425 21
1338572240871297024 9
1338572240246493184 12
1338572236245098499 25
1338572235632594944 8
1338572232185016321 4
1338572230691852293 5
1338572227445288960 16
1338572224765300736 15
1338572220000505860 18
1338572215193919488 16
1338572215177003008 6
1338572215114055680 16
1338572204687020033 9
1338572201914753025 14
1338572196399247360 14
1338572190338461699 4
1338572188660731904 14
1338572188627185664 4
1338572187784114178 12
1338572186580373507 20
1338572182499287041 6
1338572182130135048 7
1338572174626611207 5
1338572173175304203 10
1338572168544837632 9
1338572167668264960 23
1338572157195067393 3
1338572149007724546 7
1338572134633906184 19
1338572132121456640 12
1338572125817417730 20
1338572120356491266 6
1338572119865606146 9
1338572114262192131 21
1338572106968125440 3
1338572101268094976 8
1338572101045940226 24
1338572098969587713 9
1338572096255873024 9
1338572093747769352 5
1338572090421768192 8
1338572089360453633 14
1338572086244159491 21
1338572083278831616 20
1338572079034228740 9
1338572072755343362 14
1338572057152548870 10
1338572057102213121 6
1338572051674767360 8
1338572050747842560 10
1338572048143175683 25
1338572045374910467 4
1338572026500575244 8
1338572020716425217 14
1338572009668743170 14
1338572005340307459 8
1338572003457052681 6
1338571999459893252 21
1338571996381261825 11
1338571993772421123 6
1338571988961464321 8
1338571980874911747 5
1338571978031190017 8
1338571977301270529 4
1338571976403775497 10
1338571975837569036 7
1338571973488758794 7
1338571972658130944 21
1338571963661393920 3
1338571963527294980 13
1338571963514548225 16
1338571963493543937 16
1338571963481014278 14
1338571963325849600 20
1338571945156206596 5
1338571941712519169 6
1338571941112926215 5
1338571938499850242 15
1338571932254543881 12
1338571923954036736 17
1338571920049135622 24
1338571919285751809 22
1338571917738078209 2
1338571912553902080 8
1338571911182360577 8
1338571897777364995 5
1338571896670056448 12
1338571877640515584 10
1338571867569881090 21
1338571863992233985 11
1338571862406799360 21
1338571859571445761 6
1338571854051729408 4
1338571841493983233 12
1338571832631455752 10
1338571826843189249 8
1338571826398703616 21
1338571821604597760 13
1338571819574497280 13
1338571814604316675 20
1338571813840953345 4
1338571812326674432 20
1338571808602198024 8
1338571804496044032 16
1338571802453413891 10
1338571798833717248 15
1338571774158467072 4
1338571772912930818 12
1338571768819314688 24
1338571756639019010 15
1338571754898386950 21
1338571753514209284 6
1338571752331497472 15
1338571747650646016 16
1338571747495456768 16
1338571741061292032 12
1338571740054740994 4
1338571739530399745 9
1338571737848553474 8
1338571728033902593 7
1338571727346032641 4
1338571726012223489 4
1338571720391856130 12
1338571712254926850 8
1338571711881465856 16
1338571711873044481 16
1338571706076688384 6
1338571702930976774 13
1338571700691070976 17
1338571699785240580 5
1338571697952317443 12
1338571697742606336 6
1338571694106177540 8
1338571680453627904 13
1338571671326830594 7
1338571669498114050 25
1338571668705390598 21
1338571666717368320 19
1338571658169184256 10
1338571648031748098 6
1338571643740971010 9
1338571628888944640 12
1338571628112990215 14
1338571623071428609 21
1338571622966583297 2
1338571621288857601 14
1338571618390564865 14
1338571613701353484 6
1338571606373912581 13
1338571605853745156 6
1338571604280958978 6
1338571601785319428 7
1338571598551511041 14
1338571597343584263 10
1338571582533472257 28
1338571568553865218 6
1338571567173947394 18
1338571564841897985 15
1338571564388917248 12
1338571558051340290 9
1338571555358576640 12
1338571545267068931 26
1338571541378977794 11
1338571541215391747 16
1338571537113370626 9
1338571534001188870 21
1338571520998780929 10
1338571515420405760 9
1338571515256664064 13
1338571515135193093 8
1338571512106930179 7
1338571499574267906 5
1338571489243762691 7
1338571483640172550 8
1338571483606638593 14
1338571478841823232 16
1338571468154810370 17
1338571465151700994 15
1338571460487630849 16
1338571460206501888 14
1338571460206415872 16
1338571446851874817 15
1338571439146999809 7
1338571434822602756 13
1338571426077364224 21
1338571424659873792 20
1338571413683392523 16
1338571411821002755 5
1338571410701078528 10
1338571400114806790 3
1338571399007494148 3
1338571398764236806 14
1338571392669921282 18
1338571391453581312 16
1338571379021582338 9
1338571374684565504 6
1338571365822197762 19
1338571357488025601 8
1338571354539429892 11
1338571350198382593 2
1338571345060220928 7
1338571343265226752 6
1338571342107512835 22
1338571340174020608 6
1338571334264164353 5
1338571331214979075 7
1338571329293922305 7
1338571317667311617 13
1338571306887950342 21
1338571295991226373 14
1338571294657409026 16
1338571291666878473 9
1338571287229308929 9
1338571284175851521 7
1338571278912024576 7
1338571278215766020 6
1338571269680279564 30
1338571268552085504 3
1338571257432977411 8
1338571254119489543 15
1338571238172725251 21
1338571228299354112 22
1338571225774379010 22
1338571223677091840 5
1338571216542642176 19
1338571210771329025 22
1338571209215250437 9
1338571208854548480 16
1338571208825204748 16
1338571208581910529 11
1338571196485480456 7
1338571191213297667 7
1338571165539983361 3
1338571161488207872 12
1338571140890042375 15
1338571138184704001 4
1338571136133566469 7
1338571129401782272 12
1338571124611964930 15
1338571121185222656 10
1338571120199557126 3
1338571111299239936 4
1338571107402706944 28
1338571106618372101 19
1338571101757087744 4
1338571100775714818 18
1338571097806155782 13
1338571096585474049 9
1338571078898233344 31
1338571078411706370 8
1338571070182481933 2
1338571058639605760 5
1338571054386737154 22
1338571050926231553 21
1338571048925749248 11
1338571046564360193 4
1338571044475514880 21
1338571042638471174 3
1338571040314830852 17
1338571028478504960 7
1338571027669004288 22
1338571022816186378 16
1338571022673588225 15
1338571014033195008 13
1338571014008016897 5
1338571013404184576 9
1338571007347609601 13
1338570984773791745 17
1338570983985307654 20
1338570981871407105 19
1338570971922501632 16
1338570970160799746 9
1338570965320654849 8
1338570964183953408 2
1338570963777179652 2
1338570959855489027 6
1338570957007491078 16
1338570956927746049 6
1338570956843884544 16
1338570953337565185 18
1338570938615537668 17
1338570938254827521 11
1338570936094748672 7
1338570929136394242 3
1338570926145871874 8
1338570925579571200 7
1338570925487378434 15
1338570916767232000 6
1338570899759443970 26
1338570896315985922 16
1338570889277878278 16
1338570883124879364 20
1338570877181468678 6
1338570871535853568 6
1338570857006866432 8
1338570855643820032 3
1338570851982118913 11
1338570841823514627 20
1338570822013906944 15
1338570817421111296 28
1338570814157975557 5
1338570808550100992 3
1338570807681966083 8
1338570805878394882 9
1338570797896462337 25
1338570795396771840 18
1338570777256456192 9
1338570768012238848 7
1338570766275768324 5
1338570764358860801 10
1338570756830146560 15
1338570753025961987 19
1338570746566746120 6
1338570739415461890 8
1338570739159621635 14
1338570731655933952 7
1338570729005191169 4
1338570725876256776 6
1338570724684992519 5
1338570724341116930 12
1338570723887960064 18
1338570722906677255 12
1338570716782923779 7
1338570712857055233 21
1338570712294981632 5
1338570706272055296 12
1338570705420468226 11
1338570705382891524 17
1338570705374474247 5
1338570705357709313 8
1338570705353519104 21
1338570705269645312 11
1338570705240088576 16
1338570705202450440 10
1338570698705539078 3
1338570693760479238 8
1338570689482113024 6
1338570683337551873 11
1338570676664496130 11
1338570676417024002 13
1338570676408610817 21
1338570659304271874 4
1338570658712838145 7
1338570658175967235 7
1338570657697845253 8
1338570650198413313 16
1338570635941908486 17
1338570635581288454 15
1338570618644684800 11
1338570616736243713 20
1338570614693572611 6
1338570611950575620 27
1338570611862491137 22
1338570605000597507 10
1338570597400518656 5
1338570588265263105 22
1338570582514872325 11
1338570572926570496 8
1338570570166919169 27
1338570568191401994 21
1338570567671115776 16
1338570563204341787 6
1338570559257395202 14
1338570558489980930 11
1338570555558125570 25
1338570551980396546 11
1338570533810675712 23
1338570533001162760 8
1338570523861716993 13
1338570517251493889 9
1338570514101645313 4
1338570513417953280 6
1338570512973361154 13
1338570502261116930 23
1338570493578731520 6
1338570489908912129 26
1338570485781557248 6
1338570483520983047 22
1338570482564673538 10
1338570481037926404 21
1338570475425857537 6
1338570472787730433 10
1338570470975746052 8
1338570467154784259 5
1338570462490730497 8
1338570459827359748 6
1338570456895524864 20
1338570453783199744 21
1338570453669928960 16
1338570453548404745 11
1338570447407837184 11
1338570444090306562 16
1338570440265109504 12
1338570438990045187 14
1338570438310584327 29
1338570437203259397 19
1338570430181945344 13
1338570430001668099 4
1338570429749981188 6
1338570428273602560 9
1338570422946770948 22
1338570421357129734 14
1338570420086333442 17
1338570416776998912 8
1338570416512770051 5
1338570385219067905 14
1338570380332634112 4
1338570380072673285 9
1338570377975508992 14
1338570375974825984 7
1338570375559581700 15
1338570374032789505 23
1338570372183166978 8
1338570370350243846 22
1338570368966070279 10
1338570364377591816 19
1338570360304840706 19
1338570358694301696 11
1338570349647175681 15
1338570344576274432 7
1338570342487486466 10
1338570341443117056 19
1338570335302668289 13
1338570334354747394 6
1338570330164654081 10
1338570322254196738 4
1338570319045537792 10
1338570313588731904 18
1338570312435298304 7
1338570310870822915 2
1338570304893964288 12
1338570302981287937 7
1338570300217319424 25
1338570298199859205 9
1338570295721005056 5
1338570282148241409 10
1338570269451927552 3
1338570255195664384 8
1338570252645507074 6
1338570251777302528 18
1338570251588526080 11
1338570247779962881 4
1338570245137715207 11
1338570241522143232 14
1338570240595271683 14
1338570238452002817 20
1338570236019306501 25
1338570235113312264 7
1338570233565605891 19
1338570211570626563 8
1338570211079884807 9
1338570210727632896 8
1338570202779414528 24
1338570202074783747 8
1338570201999298566 14
1338570201969946624 16
1338570201969942533 15
1338570198849384448 9
1338570190309744640 4
1338570189508648964 10
1338570181535272961 6
1338570178959990784 7
1338570178767040512 23
1338570176422359053 22
1338570173717032976 13
1338570170948784131 14
1338570168033832962 20
1338570166880395268 7
1338570165982785537 13
1338570160060452879 14
1338570152485511168 24
1338570132604342272 7
1338570131757260803 18
1338570130968596480 8
1338570120344596481 4
1338570116783595522 14
1338570115944734722 21
1338570109632253955 13
1338570107262562309 2
1338570107195449352 8
1338570103613513730 6
1338570093714952194 17
1338570093018550273 18
1338570087138275332 18
1338570079177478150 2
1338570076816084998 16
1338570076816076801 7
1338570073234169859 8
1338570072965734401 10
1338570072273588224 20
1338570071355117568 10
1338570069044027394 5
1338570064572854275 7
1338570063704625153 18
1338570063163633667 25
1338570060323909632 7
1338570060126883843 14
1338570059015467013 17
1338570046126297088 17
1338570040392765441 10
1338570039516164101 22
1338570038786228224 5
1338570038035492864 13
1338570036970024961 8
1338570025536532483 7
1338570021015085057 22
1338570016799731717 7
1338570015365357578 21
1338570013003886593 14
1338570007903662082 13
1338570005315805184 5
1338569998072156164 7
1338569997279514624 9
1338569997048819720 8
1338569996876787715 12
1338569985589960710 11
1338569982150586373 8
1338569979004915716 22
1338569976773554176 12
1338569967692902401 7
1338569966845648896 19
1338569961988616193 19
1338569961527238658 4
1338569959027453955 21
1338569958415093766 7
1338569956586364938 5
1338569955936260103 15
1338569950202634242 16
1338569933991649284 5
1338569933752422401 7
1338569930367754247 20
1338569925133291528 7
1338569917424136197 9
1338569913171054599 11
1338569905944162304 6
1338569902488170499 11
1338569899375996929 8
1338569884133978112 17
